,date,close,"US05Y, TVC: Low","US10Y, TVC: Low","US30Y, TVC: Low",Volume
0,1999-03-08 14:30:00+00:00,50.0625,5.09700012,5.14699984,5.52899981,23664406
1,1999-03-15 14:30:00+00:00,51.21875,5.01000023,5.10099983,5.47599983,27248600
2,1999-03-22 14:30:00+00:00,51.75,5.05499983,5.15600014,5.53100014,40824202
3,1999-03-29 14:30:00+00:00,53.5625,5.05600023,5.19099998,5.58500004,27026798
4,1999-04-05 13:30:00+00:00,55.8125,4.93900013,5.03999996,5.44500017,38042402
5,1999-04-12 13:30:00+00:00,51.96875,4.96899986,5.05299997,5.44999981,77074602
6,1999-04-19 13:30:00+00:00,55.3125,5.03599977,5.13800001,5.51100016,68509604
7,1999-04-26 13:30:00+00:00,53.71875,5.09000015,5.20699978,5.52899981,64024004
8,1999-05-03 13:30:00+00:00,52.96875,5.21899986,5.35900021,5.65700006,70784592
9,1999-05-10 13:30:00+00:00,53.40625,5.29300022,5.40999985,5.75199986,53981796
10,1999-05-17 13:30:00+00:00,52.875,5.51100016,5.51200008,5.8039999,43628994
11,1999-05-24 13:30:00+00:00,52.03125,5.40899992,5.47100019,5.74499989,90417592
12,1999-05-31 13:30:00+00:00,52.5625,5.71899986,5.76200008,5.92600012,43091802
13,1999-06-07 13:30:00+00:00,51.78125,5.71999979,5.796,5.96999979,53970994
14,1999-06-14 13:30:00+00:00,55.0625,5.67000008,5.78800011,5.96099997,60015800
15,1999-06-21 13:30:00+00:00,54.6875,5.78999996,5.89099979,6.0250001,54659398
16,1999-06-28 13:30:00+00:00,58.75,5.64900017,5.78499985,5.96400023,46258800
17,1999-07-05 13:30:00+00:00,59.84375,5.68100023,5.82299995,5.99599981,34730996
18,1999-07-12 13:30:00+00:00,61.375,5.58400011,5.671,5.90100002,32409200
19,1999-07-19 13:30:00+00:00,57.28125,5.5250001,5.63700008,5.88700008,59914194
20,1999-07-26 13:30:00+00:00,56.59375,5.67700005,5.79400015,6.00899982,58595786
21,1999-08-02 13:30:00+00:00,55.328125,5.7249999,5.86399984,6.04199982,66962408
22,1999-08-09 13:30:00+00:00,57.65625,5.94899988,5.97900009,6.21199989,64909604
23,1999-08-16 13:30:00+00:00,57.96875,5.78100014,5.86999989,6.00299978,46992796
24,1999-08-23 13:30:00+00:00,59.875,5.60599995,5.71299982,5.85400009,54283796
25,1999-08-30 13:30:00+00:00,62.65625,5.85900021,5.88600016,6.06099987,64262602
26,1999-09-06 13:30:00+00:00,63.125,5.79199982,5.90199995,6.06799984,46241000
27,1999-09-13 13:30:00+00:00,63.3125,5.76200008,5.86899996,6.05000019,63236800
28,1999-09-20 13:30:00+00:00,60.078125,5.67999983,5.77299976,5.99100018,74231588
29,1999-09-27 13:30:00+00:00,60.210935,5.71600008,5.83099985,6.01599979,85999398
30,1999-10-04 13:30:00+00:00,63.75781,5.82600021,5.93100023,6.08799982,95595612
31,1999-10-11 13:30:00+00:00,59.875,5.95300007,6.03700018,6.1960001,111602804
32,1999-10-18 13:30:00+00:00,61.96875,6.04300022,6.14900017,6.3210001,112902592
33,1999-10-25 13:30:00+00:00,65.75,6.03499985,6.02799988,6.25199986,75724796
34,1999-11-01 14:30:00+00:00,68.1875,5.89099979,5.92600012,6.10099983,76452398
35,1999-11-08 14:30:00+00:00,72.1875,5.86800003,5.92999983,6.0539999,89229592
36,1999-11-15 14:30:00+00:00,75.78125,5.85300016,5.92199993,6.02899981,87397592
37,1999-11-22 14:30:00+00:00,77.6875,6.01399994,6.07999992,6.19099998,69552200
38,1999-11-29 14:30:00+00:00,79.125,6.11100006,6.16699982,6.28800011,106062602
39,1999-12-06 14:30:00+00:00,79.5,6.01499987,6.07200003,6.20100021,107850398
40,1999-12-13 14:30:00+00:00,83.78125,6.00699997,6.10200024,6.20300007,126875806
41,1999-12-20 14:30:00+00:00,89.65625,6.27099991,6.08500004,6.44000006,81250398
42,1999-12-27 14:30:00+00:00,91.375,6.25,6.36800003,6.42299986,87480796
43,2000-01-03 14:30:00+00:00,88.5,6.39599991,6.49900007,6.53700018,177778006
44,2000-01-10 14:30:00+00:00,92.6875,6.46700001,6.553999900000001,6.58500004,138293214
45,2000-01-18 14:30:00+00:00,96.25,6.60900021,6.73000002,6.71899986,80396408
46,2000-01-24 14:30:00+00:00,85.75,6.56400013,6.65799999,6.52299976,150744406
47,2000-01-31 14:30:00+00:00,96.90625,6.51300001,6.44799995,6.13600016,145812804
48,2000-02-07 14:30:00+00:00,99.0,6.72700024,6.59499979,6.23199987,118254204
49,2000-02-14 14:30:00+00:00,98.8125,6.67399979,6.4829998,6.22100019,134040592
50,2000-02-22 14:30:00+00:00,104.1875,6.55100012,6.33699989,6.08599997,150872806
51,2000-02-28 14:30:00+00:00,109.523435,6.57600021,6.37900019,6.132999900000001,151411206
52,2000-03-06 14:30:00+00:00,114.6875,6.55600023,6.34899998,6.14400005,166009970
53,2000-03-13 14:30:00+00:00,110.8125,6.47100019,6.204,6.03900003,214549820
54,2000-03-20 14:30:00+00:00,117.875,6.39300013,6.08699989,5.90999985,120219184
55,2000-03-27 14:30:00+00:00,109.5,6.33099985,6.00199986,5.87599993,130944183
56,2000-04-03 13:30:00+00:00,106.0,6.132999900000001,5.84499979,5.77199984,185878032
57,2000-04-10 13:30:00+00:00,79.75,6.0630002,5.80499983,5.66800022,203469904
58,2000-04-17 13:30:00+00:00,86.875,6.23999977,5.99800014,5.84700012,140968704
59,2000-04-24 13:30:00+00:00,94.5,6.27600002,6.02299976,5.87200022,147399200
60,2000-05-01 13:30:00+00:00,91.5,6.59399986,6.28399992,5.99300003,108413792
61,2000-05-08 13:30:00+00:00,84.6875,6.66800022,6.42000008,6.14300013,111050110
62,2000-05-15 13:30:00+00:00,81.6875,6.70900011,6.43300009,6.11199999,109349392
63,2000-05-22 13:30:00+00:00,77.6875,6.64099979,6.32700014,6.11399984,173084400
64,2000-05-30 13:30:00+00:00,93.25,6.43900013,6.16900015,5.9460001,121775712
65,2000-06-05 13:30:00+00:00,93.5625,6.35099983,6.11600018,5.8920002,105822320
66,2000-06-12 13:30:00+00:00,94.17187,6.25600004,5.98000002,5.87699986,101535285
67,2000-06-19 13:30:00+00:00,91.64062,6.20499992,6.00299978,5.89599991,107911408
68,2000-06-26 13:30:00+00:00,93.1875,6.19700003,6.02699995,5.87799978,92372414
69,2000-07-03 13:30:00+00:00,95.40625,6.12599993,5.98400021,5.86199999,61201600
70,2000-07-10 13:30:00+00:00,100.625,6.13100004,6.007999900000001,5.81799984,81669692
71,2000-07-17 13:30:00+00:00,97.3125,6.14599991,5.99800014,5.8119998,88301392
72,2000-07-24 13:30:00+00:00,86.8125,6.13000011,6.00400019,5.77199984,119800112
73,2000-07-31 13:30:00+00:00,90.0,6.07200003,5.90500021,5.72800016,124299386
74,2000-08-07 13:30:00+00:00,90.875,6.00500011,5.76399994,5.68100023,83976612
75,2000-08-14 13:30:00+00:00,95.14062,6.06400013,5.77299976,5.69199991,70685898
76,2000-08-21 13:30:00+00:00,98.375,6.00199986,5.72100019,5.65799999,74859507
77,2000-08-28 13:30:00+00:00,102.5,5.9749999,5.68499994,5.66499996,63397199
78,2000-09-05 13:30:00+00:00,94.875,5.90899992,5.68900013,5.66800022,76607306
79,2000-09-11 13:30:00+00:00,91.375,5.92799997,5.73099995,5.72900009,137741296
80,2000-09-18 13:30:00+00:00,92.9375,5.882999900000001,5.84800005,5.90999985,147265408
81,2000-09-25 13:30:00+00:00,88.6875,5.87099981,5.8039999,5.85599995,130066016
82,2000-10-02 13:30:00+00:00,83.0,5.84299994,5.8210001,5.89599991,158147904
83,2000-10-09 13:30:00+00:00,81.25,5.68499994,5.72399998,5.81400013,208200592
84,2000-10-16 13:30:00+00:00,86.3125,5.66499996,5.63800001,5.75,227621600
85,2000-10-23 13:30:00+00:00,79.71875,5.64300013,5.59399986,5.68200016,230119104
86,2000-10-30 14:30:00+00:00,83.0625,5.77799988,5.73600006,5.76000023,180972096
87,2000-11-06 14:30:00+00:00,71.75,5.78299999,5.79699993,5.86399984,202328608
88,2000-11-13 14:30:00+00:00,72.82812,5.63899994,5.66599989,5.742000099999999,241399904
89,2000-11-20 14:30:00+00:00,70.4375,5.63700008,5.632999900000001,5.7329998,165583184
90,2000-11-27 14:30:00+00:00,64.0,5.44399977,5.47800016,5.60900021,282372768
91,2000-12-04 14:30:00+00:00,68.0,5.25699997,5.29899979,5.50400019,296251776
92,2000-12-11 14:30:00+00:00,63.875,5.17600012,5.17999983,5.44199991,235064800
93,2000-12-18 14:30:00+00:00,60.5,4.9460001,5.01399994,5.40399981,347735680
94,2000-12-26 14:30:00+00:00,58.375,4.94399977,5.05600023,5.42799997,151218304
95,2001-01-02 14:30:00+00:00,56.625,4.757999900000001,4.921,5.34299994,307969056
96,2001-01-08 14:30:00+00:00,62.73437,4.67000008,4.95599985,5.43100023,309281008
97,2001-01-16 14:30:00+00:00,66.3125,4.73500013,5.11600018,5.47700024,204669696
98,2001-01-22 14:30:00+00:00,65.54687,4.85699987,5.22700024,5.59399986,242223200
99,2001-01-29 14:30:00+00:00,61.55,4.75,5.08799982,5.46299982,226240416
100,2001-02-05 14:30:00+00:00,56.39999,4.86199999,5.03200006,5.49300003,243915728
101,2001-02-12 14:30:00+00:00,55.13,4.83799982,5.0539999,5.41499996,307012704
102,2001-02-20 14:30:00+00:00,51.179990000000004,4.89799976,5.10099983,5.45900011,324794144
103,2001-02-26 14:30:00+00:00,46.7,4.65500021,4.88399982,5.29699993,444901552
104,2001-03-05 14:30:00+00:00,45.10001,4.66800022,4.90100002,5.30700016,288786208
105,2001-03-12 14:30:00+00:00,41.10001,4.50299978,4.76800013,5.26900005,409704880
106,2001-03-19 14:30:00+00:00,42.8,4.4289999,4.74800014,5.26499987,479766832
107,2001-03-26 14:30:00+00:00,39.14999,4.54199982,4.86899996,5.36800003,348842208
108,2001-04-02 13:30:00+00:00,36.3,4.51300001,4.88999987,5.47300005,408197136
109,2001-04-09 13:30:00+00:00,42.8,4.50199986,4.92799997,5.50600004,318092256
110,2001-04-16 13:30:00+00:00,48.39999,4.6960001,5.14400005,5.65799999,479001456
111,2001-04-23 13:30:00+00:00,45.14999,4.69299984,5.1789999,5.70800018,364154816
112,2001-04-30 13:30:00+00:00,48.2,4.82200003,5.20900011,5.6420002,345673088
113,2001-05-07 13:30:00+00:00,45.55,4.64300013,5.17000008,5.66499996,273303600
114,2001-05-14 13:30:00+00:00,48.03999,4.94099998,5.40100002,5.76599979,307015088
115,2001-05-21 13:30:00+00:00,48.99001,4.94700003,5.38600016,5.74100018,326186176
116,2001-05-29 13:30:00+00:00,46.05,4.91200018,5.375,5.75600004,277837296
117,2001-06-04 13:30:00+00:00,47.35001,4.82600021,5.26300001,5.65100002,292730112
118,2001-06-11 13:30:00+00:00,42.60001,4.72900009,5.23199987,5.65100002,371450528
119,2001-06-18 13:30:00+00:00,43.25,4.66400003,5.12400007,5.625,339450496
120,2001-06-25 13:30:00+00:00,45.7,4.61899996,5.12799978,5.59000015,297291920
121,2001-07-02 13:30:00+00:00,41.64999,4.84200001,5.32499981,5.68599987,173435312
122,2001-07-09 13:30:00+00:00,43.14999,4.75099993,5.22800016,5.65399981,314331408
123,2001-07-16 13:30:00+00:00,41.64999,4.61600018,5.08900023,5.51599979,303360096
124,2001-07-23 13:30:00+00:00,41.95,4.63100004,5.09600019,5.5250001,311219440
125,2001-07-30 13:30:00+00:00,43.179990000000004,4.5250001,5.05499983,5.51599979,253691600
126,2001-08-06 13:30:00+00:00,40.28,4.53000021,4.98400021,5.50899982,280821584
127,2001-08-13 13:30:00+00:00,37.75999,4.50199986,4.84100008,5.47399998,283214800
128,2001-08-20 13:30:00+00:00,39.3,4.41800022,4.86999989,5.41200018,284597488
129,2001-08-27 13:30:00+00:00,36.63,4.34899998,4.76599979,5.36499977,305616288
130,2001-09-04 13:30:00+00:00,33.7,4.41499996,4.78800011,5.41900015,353630944
131,2001-09-10 13:30:00+00:00,34.10001,3.95099998,4.55999994,5.40500021,80367872
132,2001-09-17 13:30:00+00:00,28.19,3.81100011,4.62200022,5.41699982,483754448
133,2001-09-24 13:30:00+00:00,28.98,3.7420001000000003,4.55900002,5.44099998,384105216
134,2001-10-01 13:30:00+00:00,31.759990000000002,3.71700001,4.46999979,5.29899979,487780528
135,2001-10-08 13:30:00+00:00,34.55,3.72199988,4.50400019,5.31500006,428289712
136,2001-10-15 13:30:00+00:00,33.55,3.76600003,4.56500006,5.31699991,468692240
137,2001-10-22 13:30:00+00:00,36.00999,3.75699997,4.52099991,5.29699993,480660896
138,2001-10-29 14:30:00+00:00,35.60001,3.47300005,4.23600006,4.80100012,451961680
139,2001-11-05 14:30:00+00:00,37.73,3.47399998,4.1869998,4.78999996,444004064
140,2001-11-12 14:30:00+00:00,39.37,3.69700003,4.38100004,4.91699982,449898912
141,2001-11-19 14:30:00+00:00,39.28,4.14799976,4.8039999,5.24300003,242259536
142,2001-11-26 14:30:00+00:00,39.64999,4.099999899999999,4.75400019,5.242000099999999,426879760
143,2001-12-03 14:30:00+00:00,41.73,3.97799993,4.66699982,5.20800018,414825968
144,2001-12-10 14:30:00+00:00,40.11,4.29199982,5.01000023,5.47100019,360787568
145,2001-12-17 14:30:00+00:00,39.48,4.375,5.03599977,5.41499996,332119408
146,2001-12-24 14:30:00+00:00,40.33,4.39300013,5.07200003,5.47200012,123846606
147,2001-12-31 14:30:00+00:00,41.67,4.33699989,5.02899981,5.53499985,280508496
148,2002-01-07 14:30:00+00:00,40.85001,4.23400021,4.87200022,5.41599989,363485504
149,2002-01-14 14:30:00+00:00,38.59,4.10099983,4.84100008,5.33799982,385943088
150,2002-01-22 14:30:00+00:00,38.83,4.171,4.91900015,5.38899994,292766640
151,2002-01-28 14:30:00+00:00,38.14,4.31599998,4.94000006,5.38999987,363341712
152,2002-02-04 14:30:00+00:00,36.17,4.20599985,4.88100004,5.34499979,446293504
153,2002-02-11 14:30:00+00:00,35.78,4.171,4.86299992,5.40299988,327390416
154,2002-02-19 14:30:00+00:00,33.64999,4.18100023,4.83500004,5.36999989,388059312
155,2002-02-25 14:30:00+00:00,35.74001,4.12699986,4.83300018,5.36600018,460526448
156,2002-03-04 14:30:00+00:00,38.67,4.31500006,4.99900007,5.492000099999999,453942080
157,2002-03-11 14:30:00+00:00,37.23,4.61100006,5.27899981,5.72300005,359802496
158,2002-03-18 14:30:00+00:00,36.679990000000004,4.67399979,5.28900003,5.73699999,350943328
159,2002-03-25 14:30:00+00:00,36.06,4.76000023,5.34299994,5.75199986,304003088
160,2002-04-01 14:30:00+00:00,34.37,4.66300011,5.20699978,5.71500015,393232304
161,2002-04-08 13:30:00+00:00,33.52,4.56599998,5.15700006,5.66900015,410674064
162,2002-04-15 13:30:00+00:00,34.46001,4.49100018,5.13800001,5.62099981,364103264
163,2002-04-22 13:30:00+00:00,31.039990000000003,4.44099998,5.05800009,5.62599993,409988352
164,2002-04-29 13:30:00+00:00,29.740009999999998,4.37300014,5.05600023,5.56699991,468712352
165,2002-05-06 13:30:00+00:00,29.56,4.31899977,5.05700016,5.53700018,547402736
166,2002-05-13 13:30:00+00:00,32.929990000000004,4.45200014,5.171,5.68400002,579019296
167,2002-05-20 13:30:00+00:00,31.240009999999998,4.45200014,5.117000099999999,5.64300013,422200448
168,2002-05-28 13:30:00+00:00,30.039990000000003,4.329,5.02600002,5.59800005,314315296
169,2002-06-03 13:30:00+00:00,28.3,4.24399996,4.98400021,5.59600019,470081312
170,2002-06-10 13:30:00+00:00,27.62,4.17600012,4.80100012,5.49599981,530447680
171,2002-06-17 13:30:00+00:00,25.82001,3.9849998999999996,4.73000002,5.38899994,483096672
172,2002-06-24 13:30:00+00:00,26.10001,3.98300004,4.74599981,5.43100023,634684320
173,2002-07-01 13:30:00+00:00,26.34,3.95099998,4.73000002,5.44199991,334240832
174,2002-07-08 13:30:00+00:00,24.8,3.7960000000000003,4.57399988,5.33699989,603944528
175,2002-07-15 13:30:00+00:00,23.99001,3.75099993,4.51800013,5.38199997,685497264
176,2002-07-22 13:30:00+00:00,22.67,3.44899988,4.382999900000001,5.27600002,737279248
177,2002-07-29 13:30:00+00:00,22.25,3.38700008,4.29500008,5.28999996,479823552
178,2002-08-05 13:30:00+00:00,23.33,3.12800002,4.20900011,5.16099977,531195792
179,2002-08-12 13:30:00+00:00,24.7,3.12899995,4.08799982,4.93400002,470019760
180,2002-08-19 13:30:00+00:00,25.14999,3.24000001,4.15100002,4.97100019,422946624
181,2002-08-26 13:30:00+00:00,23.49001,3.25,4.13000011,4.96299982,447957664
182,2002-09-03 13:30:00+00:00,22.85001,2.9539999999999997,3.93099999,4.78399992,342887376
183,2002-09-09 13:30:00+00:00,22.99001,3.04099989,3.90799999,4.81799984,371641072
184,2002-09-16 13:30:00+00:00,21.67,2.83699989,3.77999997,4.70699978,404799424
185,2002-09-23 13:30:00+00:00,21.31,2.727,3.64700007,4.63199997,459006752
186,2002-09-30 13:30:00+00:00,20.35001,2.56399989,3.5999999,4.67000008,444721696
187,2002-10-07 13:30:00+00:00,22.22,2.56800008,3.56999993,4.65700006,511662080
188,2002-10-14 13:30:00+00:00,23.81,2.77099991,3.8039998999999995,4.81599998,475578320
189,2002-10-21 13:30:00+00:00,24.62,3.09200001,4.09700012,5.08699989,424960064
190,2002-10-28 14:30:00+00:00,25.25,2.80599999,3.89499998,4.98999977,452349248
191,2002-11-04 14:30:00+00:00,25.07001,2.86199999,3.84299994,4.88700008,466707008
192,2002-11-11 14:30:00+00:00,26.44,2.81399989,3.84100008,4.78999996,438373760
193,2002-11-18 14:30:00+00:00,27.72,3.00699997,3.98300004,4.85200024,420195200
194,2002-11-25 14:30:00+00:00,27.72,3.13000011,4.07000017,4.93900013,261103552
195,2002-12-02 14:30:00+00:00,26.47,3.18499994,4.08900023,4.99100018,459995120
196,2002-12-09 14:30:00+00:00,25.03999,3.01300001,4.025000100000001,4.882999900000001,344950736
197,2002-12-16 14:30:00+00:00,25.32001,2.87599993,3.94099998,4.89400005,352477920
198,2002-12-23 14:30:00+00:00,24.82001,2.8289999999999997,3.81100011,4.86299992,139134318
199,2002-12-30 14:30:00+00:00,25.67999,2.71499991,3.79200006,4.75500011,208883120
200,2003-01-06 14:30:00+00:00,27.100009999999997,2.97199988,4.0079999,4.9460001,389300192
201,2003-01-13 14:30:00+00:00,25.31,3.02699995,4.0170002,4.96400023,322817712
202,2003-01-21 14:30:00+00:00,24.82001,2.87599993,3.91499996,4.85699987,302233328
203,2003-01-27 14:30:00+00:00,24.44,2.89400005,3.96600008,4.867000099999999,398740976
204,2003-02-03 14:30:00+00:00,23.81,2.90199995,3.92700005,4.79500008,378800320
205,2003-02-10 14:30:00+00:00,24.49001,2.85700011,3.88599992,4.81099987,342750640
206,2003-02-18 14:30:00+00:00,25.17,2.84800005,3.86899996,4.81099987,249932880
207,2003-02-24 14:30:00+00:00,25.16,2.73600006,3.69199991,4.73199987,308602464
208,2003-03-03 14:30:00+00:00,24.53999,2.5710001,3.63100004,4.66699982,318619424
209,2003-03-10 14:30:00+00:00,25.72,2.49900007,3.56399989,4.61399984,407269680
210,2003-03-17 14:30:00+00:00,27.17,2.72600007,3.83999991,4.71099997,516256176
211,2003-03-24 14:30:00+00:00,26.08,2.87400007,3.90300012,4.92199993,341713584
212,2003-03-31 14:30:00+00:00,26.05,2.70600009,3.80200005,4.82700014,375655888
213,2003-04-07 13:30:00+00:00,25.50999,2.83200002,3.898,4.90299988,339932688
214,2003-04-14 13:30:00+00:00,26.820009999999996,2.89299989,3.94300008,4.92399979,259066096
215,2003-04-21 13:30:00+00:00,26.95,2.85500002,3.8900001000000004,4.82299995,330100848
216,2003-04-28 13:30:00+00:00,28.28,2.75,3.83999991,4.77699995,351568624
217,2003-05-05 13:30:00+00:00,28.41,2.53500009,3.4539999999999997,4.68599987,367585552
218,2003-05-12 13:30:00+00:00,28.7,2.49099994,3.4210000000000003,4.47300005,328144400
219,2003-05-19 13:30:00+00:00,28.100009999999997,2.31100011,3.31599998,4.29300022,328297760
220,2003-05-27 13:30:00+00:00,29.789990000000003,2.25999999,3.33699989,4.26000023,353767520
221,2003-06-02 13:30:00+00:00,30.13,2.18499994,3.29500008,4.35300016,519088944
222,2003-06-09 13:30:00+00:00,29.960009999999997,2.08100009,3.11599994,4.21999979,415228624
223,2003-06-16 13:30:00+00:00,30.38,2.03399992,3.17400002,4.17600012,370667264
224,2003-06-23 13:30:00+00:00,29.83,2.15100002,3.25200009,4.367000099999999,425804928
225,2003-06-30 13:30:00+00:00,30.58,2.41300011,3.51600003,4.55900002,310046992
226,2003-07-07 13:30:00+00:00,31.84,2.46700001,3.62899995,4.68100023,431852368
227,2003-07-14 13:30:00+00:00,31.28,2.50699997,3.7249999,4.68400002,433466768
228,2003-07-21 13:30:00+00:00,31.8,2.86500001,4.10699987,4.93499994,439403136
229,2003-07-28 13:30:00+00:00,31.460009999999997,2.99000001,4.28499985,5.12599993,352743696
230,2003-08-04 13:30:00+00:00,30.070009999999996,3.10700011,4.17999983,5.2329998,438529072
231,2003-08-11 13:30:00+00:00,31.17,3.1960001,4.36000013,5.23699999,260901392
232,2003-08-18 13:30:00+00:00,32.44,3.24499989,4.36999989,5.27899981,364311984
233,2003-08-25 13:30:00+00:00,33.39,3.40499997,4.42000008,5.22599983,278819024
234,2003-09-02 13:30:00+00:00,33.94,3.43700004,4.3499999,5.21999979,320712112
235,2003-09-08 13:30:00+00:00,33.820009999999996,3.14499998,4.25,5.1789999,471073200
236,2003-09-15 13:30:00+00:00,34.58,3.08400011,4.15999985,5.07700014,383523376
237,2003-09-22 13:30:00+00:00,32.58,3.03600001,4.0,4.99599981,515609616
238,2003-09-29 13:30:00+00:00,34.19,2.7980001,3.93400002,4.87300014,520006880
239,2003-10-06 13:30:00+00:00,35.00999,3.02800012,4.17199993,5.0539999,387526336
240,2003-10-13 13:30:00+00:00,34.61,3.13599992,4.26900005,5.16499996,395087264
241,2003-10-20 13:30:00+00:00,34.2,3.10800004,4.25099993,5.1079998,441172432
242,2003-10-27 14:30:00+00:00,35.179990000000004,3.0789999999999997,4.1789999,5.09000015,395901184
243,2003-11-03 14:30:00+00:00,35.63,3.24600005,4.29899979,5.125,353915696
244,2003-11-10 14:30:00+00:00,35.03999,3.2750001,4.22300005,5.0999999,381409056
245,2003-11-17 14:30:00+00:00,34.23199,3.07599998,4.14599991,4.992000099999999,502881360
246,2003-11-24 14:30:00+00:00,35.38,3.13400006,4.1869998,5.00199986,262438240
247,2003-12-01 14:30:00+00:00,35.03999,3.35899997,4.23400021,5.13199997,445796032
248,2003-12-08 14:30:00+00:00,35.24001,3.1789999,4.23600006,5.05299997,481340176
249,2003-12-15 14:30:00+00:00,35.46001,3.13000011,4.12799978,4.94000006,444500496
250,2003-12-22 14:30:00+00:00,35.85001,3.102,4.15299988,4.93499994,200999104
251,2003-12-29 14:30:00+00:00,36.36,3.15400004,4.24399996,4.97100019,227416608
252,2004-01-05 14:30:00+00:00,37.73,3.19400001,4.08400011,5.06799984,374256432
253,2004-01-12 14:30:00+00:00,38.570009999999996,2.90899992,3.97399998,4.85500002,421682752
254,2004-01-20 14:30:00+00:00,38.00999,2.94000006,3.96600008,4.84299994,374084000
255,2004-01-26 14:30:00+00:00,37.070009999999996,2.9920001,4.08699989,4.90700006,538470144
256,2004-02-02 14:30:00+00:00,37.131,3.09500003,4.08099985,4.9369998,482540384
257,2004-02-09 14:30:00+00:00,36.94,3.05299997,4.02899981,4.89900017,377789360
258,2004-02-17 14:30:00+00:00,36.86,3.0,4.03599977,4.89599991,374140064
259,2004-02-23 14:30:00+00:00,36.570009999999996,2.95900011,3.97199988,4.87200022,495298880
260,2004-03-01 14:30:00+00:00,36.63,2.89899993,3.85500002,4.81899977,439573520
261,2004-03-08 14:30:00+00:00,35.50999,2.5150001,3.71199989,4.63700008,644170192
262,2004-03-15 14:30:00+00:00,34.75,2.64299989,3.68300009,4.64400005,543068128
263,2004-03-22 14:30:00+00:00,35.22,2.65499997,3.69400001,4.63600016,600237392
264,2004-03-29 14:30:00+00:00,37.10001,2.77399993,3.83699989,4.76200008,524930624
265,2004-04-05 13:30:00+00:00,36.94,3.12599993,4.14900017,4.96899986,334425424
266,2004-04-12 13:30:00+00:00,36.09,3.2579999,4.23000002,5.06400013,504432176
267,2004-04-19 13:30:00+00:00,37.21001,3.34200001,4.38600016,5.15100002,554672016
268,2004-04-26 13:30:00+00:00,34.77,3.49099994,4.38500023,5.19799995,581799072
269,2004-05-03 13:30:00+00:00,34.97,3.53200006,4.50199986,5.24800014,581287120
270,2004-05-10 13:30:00+00:00,34.75,3.88400006,4.74800014,5.4460001,747624016
271,2004-05-17 13:30:00+00:00,35.019,3.81599998,4.69500017,5.42000008,595685744
272,2004-05-24 13:30:00+00:00,36.55,3.73900008,4.6079998,5.31799984,507027168
273,2004-06-01 13:30:00+00:00,36.19,3.83999991,4.70300007,5.39699984,383203808
274,2004-06-07 13:30:00+00:00,36.84,3.90499997,4.76300001,5.44799995,335638688
275,2004-06-14 13:30:00+00:00,36.44,3.90300012,4.68400002,5.35300016,399378864
276,2004-06-21 13:30:00+00:00,37.33,3.80500007,4.65199995,5.31400013,435818864
277,2004-06-28 13:30:00+00:00,36.820009999999996,3.74499989,4.46000004,5.28399992,456752304
278,2004-07-06 13:30:00+00:00,35.75,3.64199996,4.46000004,5.1880002,421527200
279,2004-07-12 13:30:00+00:00,34.67,3.61100006,4.35500002,5.1869998,494346992
280,2004-07-19 13:30:00+00:00,34.21001,3.56100011,4.36100006,5.11199999,602629504
281,2004-07-26 13:30:00+00:00,34.89,3.73099995,4.48899984,5.21299982,553765872
282,2004-08-02 13:30:00+00:00,32.72,3.61100006,4.22700024,5.16200018,512876496
283,2004-08-09 13:30:00+00:00,32.52,3.43400002,4.23199987,5.04099989,511766992
284,2004-08-16 13:30:00+00:00,34.00999,3.37100005,4.19199991,5.007999900000001,474367376
285,2004-08-23 13:30:00+00:00,34.56,3.3210001000000005,4.19199991,5.007999900000001,375298544
286,2004-08-30 13:30:00+00:00,34.141009999999994,3.29099989,4.1170001,4.89799976,414080832
287,2004-09-07 13:30:00+00:00,35.12,3.31399989,4.16400003,4.92700005,411545824
288,2004-09-13 13:30:00+00:00,35.429990000000004,3.29099989,4.07800007,4.86399984,428106944
289,2004-09-20 13:30:00+00:00,34.799,3.21199989,3.98399997,4.75199986,502463200
290,2004-09-27 13:30:00+00:00,36.10001,3.22900009,3.99499989,4.75699997,462262688
291,2004-10-04 13:30:00+00:00,35.58,3.41100001,4.12900019,4.91800022,483926368
292,2004-10-11 13:30:00+00:00,35.63,3.24399996,4.02400017,4.81899977,511084048
293,2004-10-18 13:30:00+00:00,35.8,3.21799994,3.97799993,4.73999977,585098576
294,2004-10-25 13:30:00+00:00,36.89999,3.19700003,3.97600007,4.72200012,565777744
295,2004-11-01 14:30:00+00:00,37.96001,3.28299999,4.0539999,4.78900003,552584672
296,2004-11-08 14:30:00+00:00,38.66,3.4749999,4.18599987,4.89900017,449426192
297,2004-11-15 14:30:00+00:00,38.679990000000004,3.46199989,4.1170001,4.80100012,519177680
298,2004-11-22 14:30:00+00:00,39.21001,3.53600001,4.18400002,4.80200005,277293824
299,2004-11-29 14:30:00+00:00,40.13,3.62299991,4.25600004,4.87799978,521508384
300,2004-12-06 14:30:00+00:00,39.929990000000004,3.48300004,4.11999989,4.77699995,509286240
301,2004-12-13 14:30:00+00:00,39.47501,3.46700001,4.07800007,4.70499992,450068048
302,2004-12-20 14:30:00+00:00,39.758,3.55900002,4.16800022,4.79500008,311284384
303,2004-12-27 14:30:00+00:00,39.91499,3.56900001,4.22200012,4.83599997,265881008
304,2005-01-03 14:30:00+00:00,38.55,3.62700009,4.21600008,4.81400013,593376128
305,2005-01-10 14:30:00+00:00,38.429990000000004,3.66100001,4.16699982,4.6960001,519641376
306,2005-01-18 14:30:00+00:00,37.05,3.6789998999999995,4.14400005,4.65500021,433949008
307,2005-01-24 14:30:00+00:00,36.92,3.65400004,4.12400007,4.60699987,586925312
308,2005-01-31 14:30:00+00:00,37.75,3.70000005,4.08300018,4.57800007,458404480
309,2005-02-07 14:30:00+00:00,37.7,3.58100009,3.98600006,4.36999989,457486176
310,2005-02-14 14:30:00+00:00,37.35001,3.7039999999999997,4.07700014,4.45100021,454595776
311,2005-02-22 14:30:00+00:00,37.62,3.86400008,4.26999998,4.65700006,398040752
312,2005-02-28 14:30:00+00:00,37.52,4.00099993,4.31500006,4.71999979,460048752
313,2005-03-07 14:30:00+00:00,37.17,3.98099995,4.31400013,4.62200022,483508752
314,2005-03-14 14:30:00+00:00,36.50999,4.1329999,4.46799994,4.76200008,536263744
315,2005-03-21 14:30:00+00:00,36.27,4.17500019,4.52699995,4.82800007,382208624
316,2005-03-28 14:30:00+00:00,36.2,4.17199993,4.45100021,4.76000023,524931552
317,2005-04-04 13:30:00+00:00,36.64,4.08099985,4.42600012,4.73600006,429954800
318,2005-04-11 13:30:00+00:00,34.74001,3.94400001,4.24700022,4.66200018,654634112
319,2005-04-18 13:30:00+00:00,35.09,3.83100009,4.19099998,4.54699993,588833136
320,2005-04-25 13:30:00+00:00,34.98,3.81699991,4.14799976,4.48600006,536128864
321,2005-05-02 13:30:00+00:00,35.85699,3.80900002,4.15799999,4.48500013,420238448
322,2005-05-09 13:30:00+00:00,36.24001,3.87299991,4.12099981,4.51599979,525922688
323,2005-05-16 13:30:00+00:00,37.66,3.80200005,4.09399986,4.44099998,459699632
324,2005-05-23 13:30:00+00:00,38.21001,3.7809998999999994,4.03100014,4.36100006,404786128
325,2005-05-31 13:30:00+00:00,38.10001,3.63000011,3.8900001000000004,4.23999977,359495440
326,2005-06-06 13:30:00+00:00,37.547,3.68799996,3.90700006,4.19199991,427398400
327,2005-06-13 13:30:00+00:00,37.87,3.84200001,4.0710001,4.36199999,428887792
328,2005-06-20 13:30:00+00:00,36.97,3.7249999,3.92499995,4.24599981,506152752
329,2005-06-27 13:30:00+00:00,36.72501,3.68700004,3.90700006,4.19399977,361106608
330,2005-07-05 13:30:00+00:00,37.77,3.84200001,4.06799984,4.32299995,380306192
331,2005-07-11 13:30:00+00:00,38.89,3.90100002,4.09899998,4.34299994,426057392
332,2005-07-18 13:30:00+00:00,39.42,3.97199988,4.15999985,4.3920002,429297056
333,2005-07-25 13:30:00+00:00,39.575,4.04099989,4.19299984,4.4000001,347234224
334,2005-08-01 13:30:00+00:00,39.48,4.12300014,4.296,4.50099993,344902176
335,2005-08-08 13:30:00+00:00,39.21001,4.1789999,4.25,4.51999998,413829392
336,2005-08-15 13:30:00+00:00,38.820009999999996,4.06899977,4.20599985,4.42000008,358517936
337,2005-08-22 13:30:00+00:00,38.4599,4.03399992,4.16099977,4.36800003,362059584
338,2005-08-29 13:30:00+00:00,38.77,3.83100009,4.01399994,4.257999900000001,384116960
339,2005-09-06 13:30:00+00:00,39.619,3.90899992,4.10099983,4.36800003,284534640
340,2005-09-12 13:30:00+00:00,39.39999,3.9289998999999995,4.1329999,4.41800022,368087744
341,2005-09-19 13:30:00+00:00,38.75,3.97600007,4.17000008,4.454,494669200
342,2005-09-26 13:30:00+00:00,39.46001,4.1079998,4.25899982,4.50299978,402533152
343,2005-10-03 13:30:00+00:00,38.34,4.21600008,4.34600019,4.56899977,526707136
344,2005-10-10 13:30:00+00:00,38.06,4.2329998,4.36199999,4.56699991,594989504
345,2005-10-17 13:30:00+00:00,38.55,4.30100012,4.3920002,4.66200018,527982432
346,2005-10-24 13:30:00+00:00,38.32201,4.31799984,4.44799995,4.66300011,519587744
347,2005-10-31 14:30:00+00:00,40.08,4.44500017,4.55700016,4.75199986,528618752
348,2005-11-07 14:30:00+00:00,40.71001,4.47900009,4.55900002,4.742000099999999,417555072
349,2005-11-14 14:30:00+00:00,41.45,4.4000001,4.46500015,4.65199995,402376832
350,2005-11-21 14:30:00+00:00,41.89,4.34800005,4.43100023,4.66099977,245581840
351,2005-11-28 14:30:00+00:00,42.10699,4.32499981,4.40999985,4.62300014,405048560
352,2005-12-05 14:30:00+00:00,41.715,4.36600018,4.46799994,4.67199993,395555248
353,2005-12-12 14:30:00+00:00,41.58,4.36800003,4.43900013,4.65899992,331484384
354,2005-12-19 14:30:00+00:00,41.403,4.36600018,4.37599993,4.61199999,311764960
355,2005-12-27 14:30:00+00:00,40.412,4.29400015,4.34399986,4.50600004,213345584
356,2006-01-03 14:30:00+00:00,42.679990000000004,4.28599977,4.34800005,4.53999996,390015328
357,2006-01-09 14:30:00+00:00,42.98,4.30900002,4.35699987,4.55499983,412988496
358,2006-01-17 14:30:00+00:00,41.25,4.27600002,4.32999992,4.51599979,500312432
359,2006-01-23 14:30:00+00:00,42.11,4.29400015,4.36100006,4.53499985,512846192
360,2006-01-30 14:30:00+00:00,40.92,4.46099997,4.51900005,4.68400002,459762784
361,2006-02-06 14:30:00+00:00,40.96001,4.51300001,4.54699993,4.62599993,416273168
362,2006-02-13 14:30:00+00:00,41.21001,4.57499981,4.53900003,4.56099987,443332128
363,2006-02-21 14:30:00+00:00,41.25999,4.56599998,4.52699995,4.48099995,299722224
364,2006-02-27 14:30:00+00:00,41.45,4.60400009,4.55700016,4.507999900000001,445538368
365,2006-03-06 14:30:00+00:00,40.56,4.74399996,4.72800016,4.71700001,533232960
366,2006-03-13 14:30:00+00:00,41.45,4.59200001,4.64799976,4.69199991,451396864
367,2006-03-20 14:30:00+00:00,41.3,4.61499977,4.66200018,4.70100021,466159552
368,2006-03-27 14:30:00+00:00,41.929990000000004,4.69500017,4.70900011,4.73000002,472707360
369,2006-04-03 13:30:00+00:00,42.320009999999996,4.79799986,4.84700012,4.89599991,470757760
370,2006-04-10 13:30:00+00:00,42.10001,4.85900021,4.92399979,4.99599981,272843760
371,2006-04-17 13:30:00+00:00,42.0,4.87300014,4.98699999,5.08099985,519146832
372,2006-04-24 13:30:00+00:00,41.85001,4.89900017,4.98500013,5.0619998,501789248
373,2006-05-01 13:30:00+00:00,42.16,4.97900009,5.10599995,5.21000004,422197552
374,2006-05-08 13:30:00+00:00,40.19,5.00400019,5.11899996,5.18900013,481082608
375,2006-05-15 13:30:00+00:00,39.35001,4.94999981,5.0630002,5.16499996,802270496
376,2006-05-22 13:30:00+00:00,39.49001,4.921,5.01599979,5.10300016,762113440
377,2006-05-30 13:30:00+00:00,39.641999999999996,4.9749999,4.99399996,5.18499994,491018944
378,2006-06-05 13:30:00+00:00,38.14999,4.9460001,4.97700024,5.06699991,786180688
379,2006-06-12 13:30:00+00:00,38.34,4.93400002,4.96899986,5.02099991,875408016
380,2006-06-19 13:30:00+00:00,38.14999,5.117000099999999,5.13899994,5.17600012,593801392
381,2006-06-26 13:30:00+00:00,38.77,5.15700006,5.14499998,5.23799992,550115792
382,2006-07-03 13:30:00+00:00,37.69,5.15199995,5.13199997,5.22399998,294036864
383,2006-07-10 13:30:00+00:00,35.94,5.03599977,5.06699991,5.11000013,745900320
384,2006-07-17 13:30:00+00:00,35.7,4.98199987,5.03000021,5.08300018,806373936
385,2006-07-24 13:30:00+00:00,37.11,4.98500013,4.99399996,5.0999999,539641760
386,2006-07-31 13:30:00+00:00,36.95,4.88600016,4.89900017,5.04699993,486869696
387,2006-08-07 13:30:00+00:00,36.53,4.84399986,4.92299986,5.00500011,529012384
388,2006-08-14 13:30:00+00:00,38.78999,4.80299997,4.84700012,4.99499989,606013312
389,2006-08-21 13:30:00+00:00,38.320009999999996,4.76499987,4.78499985,4.94199991,417462624
390,2006-08-28 13:30:00+00:00,39.08,4.6960001,4.72399998,4.87900019,391275856
391,2006-09-05 13:30:00+00:00,38.72,4.7329998,4.77699995,4.93300009,396018432
392,2006-09-11 13:30:00+00:00,40.11,4.70499992,4.76499987,4.89499998,618544368
393,2006-09-18 13:30:00+00:00,39.87,4.59200001,4.59100008,4.77799988,621475136
394,2006-09-25 13:30:00+00:00,40.64999,4.51000023,4.54400015,4.69000006,534712688
395,2006-10-02 13:30:00+00:00,41.41,4.49300003,4.5630002,4.72200012,540523488
396,2006-10-09 13:30:00+00:00,42.429990000000004,4.71700001,4.704,4.88700008,473367360
397,2006-10-16 13:30:00+00:00,42.0,4.72900009,4.76000023,4.88500023,543008736
398,2006-10-23 13:30:00+00:00,42.21001,4.68499994,4.67700005,4.84000015,616254624
399,2006-10-30 14:30:00+00:00,41.929990000000004,4.52600002,4.57000017,4.69000006,608267248
400,2006-11-06 14:30:00+00:00,43.03,4.59800005,4.59299994,4.73199987,628372992
401,2006-11-13 14:30:00+00:00,44.3,4.56400013,4.56799984,4.65799999,536419056
402,2006-11-20 14:30:00+00:00,44.64999,4.57999992,4.55999994,4.65799999,296994960
403,2006-11-27 14:30:00+00:00,43.66,4.44700003,4.43900013,4.5630002,686882752
404,2006-12-04 14:30:00+00:00,43.89999,4.38199997,4.4289999,4.54500008,511677072
405,2006-12-11 14:30:00+00:00,44.429990000000004,4.448,4.487,4.61000013,472269248
406,2006-12-18 14:30:00+00:00,42.929990000000004,4.507,4.543,4.69099998,521269120
407,2006-12-26 14:30:00+00:00,43.16,4.574,4.599,4.7329998,249173744
408,2007-01-03 14:30:00+00:00,43.85001,4.593,4.6,4.71000004,443603824
409,2007-01-08 14:30:00+00:00,45.31,4.65,4.65,4.73699999,627459552
410,2007-01-16 14:30:00+00:00,44.17,4.734,4.743,4.84399986,540086992
411,2007-01-22 14:30:00+00:00,43.570009999999996,4.762,4.757,4.85200024,679029248
412,2007-01-29 14:30:00+00:00,44.16,4.801,4.803999999999999,4.91099977,577661456
413,2007-02-05 14:30:00+00:00,43.84,4.721,4.728,4.84399986,558454704
414,2007-02-12 14:30:00+00:00,44.71001,4.6739999999999995,4.69,4.80800009,536874640
415,2007-02-20 14:30:00+00:00,45.25999,4.652,4.668,4.78000021,419355376
416,2007-02-26 14:30:00+00:00,42.48,4.431,4.495,4.632999900000001,1052982800
417,2007-03-05 14:30:00+00:00,42.929990000000004,4.425,4.485,4.632999900000001,693886768
418,2007-03-12 13:30:00+00:00,42.83,4.377,4.467,4.65700006,664949872
419,2007-03-19 13:30:00+00:00,44.12,4.408,4.512,4.71000004,534327184
420,2007-03-26 13:30:00+00:00,43.53,4.428,4.563,4.80200005,580284064
421,2007-04-02 13:30:00+00:00,44.56,4.516,4.628,4.83799982,334883392
422,2007-04-09 13:30:00+00:00,44.64999,4.606,4.706,4.90799999,465732704
423,2007-04-16 13:30:00+00:00,45.39999,4.53,4.626,4.82000017,454789808
424,2007-04-23 13:30:00+00:00,46.570009999999996,4.499,4.612,4.80800009,496422016
425,2007-04-30 13:30:00+00:00,46.63,4.496,4.6080000000000005,4.81599998,512090688
426,2007-05-07 13:30:00+00:00,46.78,4.503,4.489,4.78499985,532318880
427,2007-05-14 13:30:00+00:00,46.71001,4.58,4.666,4.86899996,658318512
428,2007-05-21 13:30:00+00:00,46.45,4.709,4.7780000000000005,4.94000006,623846432
429,2007-05-29 13:30:00+00:00,47.44,4.788,4.843,5.00099993,469962496
430,2007-06-04 13:30:00+00:00,46.91,4.9,4.925,5.02099991,798796336
431,2007-06-11 13:30:00+00:00,47.73,5.041,5.1080000000000005,5.26599979,601100304
432,2007-06-18 13:30:00+00:00,47.28999,4.976,4.957,5.19899988,643904944
433,2007-06-25 13:30:00+00:00,47.60001,4.897,5.018,5.19500017,647347008
434,2007-07-02 13:30:00+00:00,48.86,4.878,4.9830000000000005,5.08799982,255081744
435,2007-07-09 13:30:00+00:00,49.89999,4.873,4.982,5.125,452615936
436,2007-07-16 13:30:00+00:00,50.05,4.819,4.931,5.11000013,627430560
437,2007-07-23 13:30:00+00:00,47.99001,4.524,4.735,4.97100019,1018702192
438,2007-07-30 13:30:00+00:00,47.42,4.473,4.672,4.89599991,1070724336
439,2007-08-06 13:30:00+00:00,47.28,4.439,4.654,4.90799999,1012486800
440,2007-08-13 13:30:00+00:00,46.31,4.189,4.573,4.96400023,1070884224
441,2007-08-20 13:30:00+00:00,48.2,4.038,4.571000000000001,4.94899988,581921744
442,2007-08-27 13:30:00+00:00,48.87,4.162,4.468999999999999,4.83099985,524940496
443,2007-09-04 13:30:00+00:00,48.23,4.011,4.359,4.77299976,464060176
444,2007-09-10 13:30:00+00:00,49.22,3.955,4.301,4.63800001,502729504
445,2007-09-17 13:30:00+00:00,50.36,4.135,4.4430000000000005,4.70200014,559941136
446,2007-09-24 13:30:00+00:00,51.41,4.17,4.526,4.83300018,453173424
447,2007-10-01 13:30:00+00:00,52.81799,4.166,4.498,4.76100016,477932000
448,2007-10-08 13:30:00+00:00,53.53,4.311,4.61,4.86199999,620367632
449,2007-10-15 13:30:00+00:00,52.44,4.01,4.376,4.77199984,888690064
450,2007-10-22 13:30:00+00:00,53.929990000000004,3.9419999999999997,4.312,4.65399981,1047816528
451,2007-10-29 13:30:00+00:00,54.42,3.908,4.2780000000000005,4.63800001,764694192
452,2007-11-05 14:30:00+00:00,50.0,3.741,4.202,4.62900019,1170148400
453,2007-11-12 14:30:00+00:00,50.28,3.659,4.136,4.52400017,1316251472
454,2007-11-19 14:30:00+00:00,49.84,3.345,3.997,4.48099995,757505440
455,2007-11-26 14:30:00+00:00,51.31,3.174,3.8369999999999997,4.29300022,919245632
456,2007-12-03 14:30:00+00:00,52.33,3.24,3.846,4.32299995,548005136
457,2007-12-10 14:30:00+00:00,50.97,3.306,3.967,4.46500015,687787680
458,2007-12-17 14:30:00+00:00,51.85001,3.4339999999999997,4.0280000000000005,4.45300007,701556384
459,2007-12-24 14:30:00+00:00,51.86,3.4930000000000003,4.069,4.61299992,226330720
460,2007-12-31 14:30:00+00:00,48.39999,3.167,3.865,4.35400009,549246304
461,2008-01-07 14:30:00+00:00,47.05,3.034,3.7769999999999997,4.30800009,1212543072
462,2008-01-14 14:30:00+00:00,45.35001,2.835,3.603,4.257999900000001,1203084656
463,2008-01-22 14:30:00+00:00,43.99001,2.339,3.283,4.18100023,1165437008
464,2008-01-28 14:30:00+00:00,45.5899,2.676,3.516,4.28100014,931799808
465,2008-02-04 14:30:00+00:00,43.60001,2.589,3.5260000000000002,4.32299995,927608512
466,2008-02-11 14:30:00+00:00,43.820009999999996,2.6180000000000003,3.5810000000000004,4.40199995,684582624
467,2008-02-19 14:30:00+00:00,43.679990000000004,2.74,3.713,4.55600023,533067952
468,2008-02-25 14:30:00+00:00,42.95,2.474,3.509,4.51800013,713423808
469,2008-03-03 14:30:00+00:00,42.070009999999996,2.342,3.485,4.43599987,896005632
470,2008-03-10 13:30:00+00:00,42.25,2.259,3.358,4.39799976,1017999824
471,2008-03-17 13:30:00+00:00,43.09,2.1630000000000003,3.29,4.20200014,753985120
472,2008-03-24 13:30:00+00:00,43.49001,2.377,3.335,4.30900002,623826512
473,2008-03-31 13:30:00+00:00,45.86,2.415,3.387,4.31699991,662935424
474,2008-04-07 13:30:00+00:00,44.28,2.54,3.4410000000000003,4.31899977,560369440
475,2008-04-14 13:30:00+00:00,46.71001,2.5069999999999997,3.426,4.3499999,605613936
476,2008-04-21 13:30:00+00:00,47.14999,2.8689999999999998,3.679,4.45200014,607718816
477,2008-04-28 13:30:00+00:00,48.77,2.964,3.682,4.47399998,563254064
478,2008-05-05 13:30:00+00:00,48.21001,2.909,3.7239999999999998,4.546,580336064
479,2008-05-12 13:30:00+00:00,50.0099,2.9219999999999997,3.7260000000000004,4.53900003,622494128
480,2008-05-19 13:30:00+00:00,48.2,2.928,3.657,4.53499985,745057152
481,2008-05-27 13:30:00+00:00,50.00999,3.14,3.846,4.64300013,466513440
482,2008-06-02 13:30:00+00:00,49.03,3.14,3.8560000000000003,4.62099981,802796688
483,2008-06-09 13:30:00+00:00,48.37,3.1510000000000002,3.89,4.64300013,899835120
484,2008-06-16 13:30:00+00:00,47.42,3.52,3.873,4.71999979,847435056
485,2008-06-23 13:30:00+00:00,45.64999,3.327,3.952,4.59600019,860245552
486,2008-06-30 13:30:00+00:00,44.63,3.235,3.898,4.50299978,701267328
487,2008-07-07 13:30:00+00:00,44.56,3.049,3.784,4.41499996,1060168944
488,2008-07-14 13:30:00+00:00,44.59,3.002,3.7689999999999997,4.46099997,1005544624
489,2008-07-21 13:30:00+00:00,45.27,3.31,3.977,4.59800005,707068864
490,2008-07-28 13:30:00+00:00,44.88,3.194,3.923,4.57499981,793107936
491,2008-08-04 13:30:00+00:00,47.320009999999996,3.137,3.905,4.55700016,697424688
492,2008-08-11 13:30:00+00:00,48.16,3.053,3.824,4.52600002,748737680
493,2008-08-18 13:30:00+00:00,47.49001,2.977,3.775,4.44099998,677730640
494,2008-08-25 13:30:00+00:00,46.12,3.0069999999999997,3.7569999999999997,4.37900019,589880864
495,2008-09-02 13:30:00+00:00,43.45,2.758,3.5469999999999997,4.26200008,791427120
496,2008-09-08 13:30:00+00:00,43.429990000000004,2.725,3.5610000000000004,4.17000008,1061447872
497,2008-09-15 13:30:00+00:00,42.89999,2.3480000000000003,3.25,4.02400017,1993770464
498,2008-09-22 13:30:00+00:00,41.08,2.8569999999999998,3.739,4.38399982,841223440
499,2008-09-29 13:30:00+00:00,36.179990000000004,2.614,3.5610000000000004,4.10500002,1141920064
500,2008-10-06 13:30:00+00:00,31.320009999999996,2.336,3.4019999999999997,3.97399998,2001336832
501,2008-10-13 13:30:00+00:00,32.3,2.7460000000000004,3.878,4.19500017,1753253376
502,2008-10-20 13:30:00+00:00,29.509990000000002,2.403,3.484,4.05299997,1462805408
503,2008-10-27 13:30:00+00:00,32.89,2.496,3.612,4.04699993,1387824592
504,2008-11-03 14:30:00+00:00,31.19,2.457,3.69,4.16599989,892941376
505,2008-11-10 14:30:00+00:00,28.98,2.315,3.648,4.171,1068271616
506,2008-11-17 14:30:00+00:00,26.67,1.864,2.99,3.91000009,1325215776
507,2008-11-24 14:30:00+00:00,29.12,1.91,2.8169999999999997,3.62599993,634569136
508,2008-12-01 14:30:00+00:00,28.94,1.4869999999999999,2.51,3.04399991,963356128
509,2008-12-08 14:30:00+00:00,29.679990000000004,1.406,2.479,3.04399991,852763632
510,2008-12-15 14:30:00+00:00,29.86,1.19,2.04,2.51399994,701064752
511,2008-12-22 14:30:00+00:00,29.13,1.328,2.11,2.63899994,212377568
512,2008-12-29 14:30:00+00:00,31.03,1.251,2.051,2.54699993,327015088
513,2009-01-05 14:30:00+00:00,30.070009999999996,1.463,2.344,3.00200009,611792880
514,2009-01-12 14:30:00+00:00,29.42,1.3159999999999998,2.148,2.86999989,794550624
515,2009-01-20 14:30:00+00:00,28.899990000000003,1.3769999999999998,2.209,2.98200011,655260384
516,2009-01-26 14:30:00+00:00,29.06,1.55,2.5069999999999997,3.29299998,662321072
517,2009-02-02 14:30:00+00:00,31.37,1.732,2.7030000000000003,3.48600006,805352704
518,2009-02-09 14:30:00+00:00,30.429990000000004,1.6909999999999998,2.719,3.45300007,847028928
519,2009-02-17 14:30:00+00:00,28.87,1.646,2.6189999999999998,3.47600007,685125488
520,2009-02-23 14:30:00+00:00,27.53,1.78,2.6919999999999997,3.48699999,986804064
521,2009-03-02 14:30:00+00:00,26.3,1.75,2.7680000000000002,3.50099993,929860000
522,2009-03-09 13:30:00+00:00,28.740009999999998,1.834,2.821,3.57399988,870664624
523,2009-03-16 13:30:00+00:00,29.179990000000004,1.5,2.4659999999999997,3.54200006,864532560
524,2009-03-23 13:30:00+00:00,30.820009999999996,1.645,2.611,3.63499999,829661008
525,2009-03-30 13:30:00+00:00,32.35001,1.639,2.627,3.49900007,797962944
526,2009-04-06 13:30:00+00:00,32.94,1.805,2.841,3.6730001000000003,565942256
527,2009-04-13 13:30:00+00:00,33.31,1.6909999999999998,2.753,3.65899992,669190880
528,2009-04-20 13:30:00+00:00,33.69,1.7519999999999998,2.783,3.6960001000000005,756629872
529,2009-04-27 13:30:00+00:00,34.37,1.81,2.875,3.83400011,615362928
530,2009-05-04 13:30:00+00:00,34.23,1.996,3.115,4.05900002,811787872
531,2009-05-11 13:30:00+00:00,33.37,1.94,3.074,4.05100012,727514144
532,2009-05-18 13:30:00+00:00,33.53999,1.9680000000000002,3.092,4.14400005,598066864
533,2009-05-26 13:30:00+00:00,35.38,2.147,3.37,4.492000099999999,496717120
534,2009-06-01 13:30:00+00:00,36.78,2.345,3.463,4.44199991,550624048
535,2009-06-08 13:30:00+00:00,36.64999,2.763,3.7560000000000002,4.63999987,589148672
536,2009-06-15 13:30:00+00:00,36.16,2.609,3.583,4.46500015,624441632
537,2009-06-22 13:30:00+00:00,36.37,2.5269999999999997,3.4939999999999998,4.33199978,556147824
538,2009-06-29 13:30:00+00:00,35.60001,2.406,3.458,4.28499985,390946192
539,2009-07-06 13:30:00+00:00,34.92,2.186,3.267,4.18499994,616515248
540,2009-07-13 13:30:00+00:00,37.56,2.171,3.263,4.23999977,628390432
541,2009-07-20 13:30:00+00:00,39.05,2.299,3.457,4.38800001,611443632
542,2009-07-27 13:30:00+00:00,39.45,2.503,3.478,4.41800022,519999136
543,2009-08-03 13:30:00+00:00,39.88,2.516,3.485,4.40500021,554956144
544,2009-08-10 13:30:00+00:00,39.63,2.44,3.4939999999999998,4.43200016,560912880
545,2009-08-17 13:30:00+00:00,40.28999,2.3569999999999998,3.3760000000000003,4.23999977,500574944
546,2009-08-24 13:30:00+00:00,40.44,2.432,3.418,4.19700003,535480640
547,2009-08-31 13:30:00+00:00,40.36,2.254,3.2889999999999997,4.12300014,503780928
548,2009-09-08 13:30:00+00:00,41.52,2.233,3.2739999999999996,4.20100021,363472752
549,2009-09-14 13:30:00+00:00,42.44,2.275,3.3289999999999997,4.16499996,468666112
550,2009-09-21 13:30:00+00:00,41.7,2.354,3.32,4.17199993,511146000
551,2009-09-28 13:30:00+00:00,40.88,2.121,3.1060000000000003,3.95499992,649683424
552,2009-10-05 13:30:00+00:00,42.48,2.1590000000000003,3.162,4.00299978,486147936
553,2009-10-12 13:30:00+00:00,42.78,2.25,3.302,4.19000006,412798256
554,2009-10-19 13:30:00+00:00,43.13,2.2680000000000002,3.313,4.16599989,486658672
555,2009-10-26 13:30:00+00:00,40.96001,2.314,3.386,4.26000023,620064128
556,2009-11-02 14:30:00+00:00,42.60001,2.2680000000000002,3.373,4.27299976,577115264
557,2009-11-09 14:30:00+00:00,44.00999,2.246,3.423,4.3920002,439528880
558,2009-11-16 14:30:00+00:00,43.44,2.1109999999999998,3.312,4.25500011,455370880
559,2009-11-23 14:30:00+00:00,43.50999,1.952,3.156,4.24700022,251151360
560,2009-11-30 14:30:00+00:00,44.12,1.993,3.1919999999999997,4.19799995,445813552
561,2009-12-07 14:30:00+00:00,44.13,2.089,3.3510000000000004,4.38000011,376279568
562,2009-12-14 14:30:00+00:00,44.46001,2.207,3.469,4.41900015,357649568
563,2009-12-21 14:30:00+00:00,45.98,2.266,3.529,4.56500006,239652960
564,2009-12-28 14:30:00+00:00,45.75,2.526,3.782,4.61100006,189483376
565,2010-01-04 14:30:00+00:00,46.55,2.531,3.7510000000000003,4.61299992,387772080
566,2010-01-11 14:30:00+00:00,45.85001,2.408,3.659,4.62300014,498686816
567,2010-01-19 14:30:00+00:00,44.16,2.332,3.582,4.49900007,606106256
568,2010-01-25 14:30:00+00:00,42.78999,2.301,3.565,4.55100012,890233488
569,2010-02-01 14:30:00+00:00,42.98,2.2,3.54,4.54899979,706407184
570,2010-02-08 14:30:00+00:00,43.75999,2.229,3.562,4.49599981,494407936
571,2010-02-16 14:30:00+00:00,44.83,2.295,3.659,4.63500023,312722000
572,2010-02-22 14:30:00+00:00,44.75999,2.28,3.5869999999999997,4.58099985,418643888
573,2010-03-01 14:30:00+00:00,46.44,2.242,3.595,4.55700016,342010464
574,2010-03-08 14:30:00+00:00,47.36,2.323,3.682,4.66699982,390872560
575,2010-03-15 13:30:00+00:00,47.49001,2.34,3.6210000000000004,4.57000017,374910912
576,2010-03-22 13:30:00+00:00,48.0,2.385,3.6489999999999996,4.5710001,348533312
577,2010-03-29 13:30:00+00:00,48.16,2.551,3.82,4.71400023,251124192
578,2010-04-05 13:30:00+00:00,49.03,2.5789999999999997,3.84,4.74599981,310079840
579,2010-04-12 13:30:00+00:00,49.53,2.455,3.761,4.67999983,372303328
580,2010-04-19 13:30:00+00:00,50.52,2.434,3.713,4.62099981,430226176
581,2010-04-26 13:30:00+00:00,49.2375,2.388,3.659,4.579,505128080
582,2010-05-03 13:30:00+00:00,45.41,1.9709999999999999,3.267,4.20599985,906423440
583,2010-05-10 13:30:00+00:00,46.929990000000004,2.126,3.4139999999999997,4.41200018,584931088
584,2010-05-17 13:30:00+00:00,44.84,1.899,3.1060000000000003,4.09299994,812962688
585,2010-05-24 13:30:00+00:00,45.60001,1.859,3.0639999999999996,4.05700016,648503376
586,2010-06-01 13:30:00+00:00,45.0925,1.976,3.1910000000000003,4.18200016,413270176
587,2010-06-07 13:30:00+00:00,45.5,1.93,3.137,4.08199978,475743936
588,2010-06-14 13:30:00+00:00,47.0,1.9769999999999999,3.181,4.12300014,375850320
589,2010-06-21 13:30:00+00:00,45.27,1.8840000000000001,3.0660000000000003,4.06500006,486133520
590,2010-06-28 13:30:00+00:00,42.47,1.7469999999999999,2.883,3.89400005,546336128
591,2010-07-06 13:30:00+00:00,44.62,1.7369999999999999,2.9160000000000004,3.89299989,287165792
592,2010-07-12 13:30:00+00:00,44.34,1.67,2.918,3.98699999,436764320
593,2010-07-19 13:30:00+00:00,46.06,1.6269999999999998,2.8569999999999998,3.89299989,418385072
594,2010-07-26 13:30:00+00:00,45.81,1.597,2.9019999999999997,4.01999998,369146496
595,2010-08-02 13:30:00+00:00,46.75999,1.492,2.818,4.04300022,283877456
596,2010-08-09 13:30:00+00:00,44.72,1.3940000000000001,2.679,3.92700005,318238768
597,2010-08-16 13:30:00+00:00,44.92,1.355,2.5340000000000003,3.65300012,324012512
598,2010-08-23 13:30:00+00:00,44.070009999999996,1.281,2.421,3.51600003,436874688
599,2010-08-30 13:30:00+00:00,46.00999,1.3330000000000002,2.468,3.51999998,310820848
600,2010-09-07 13:30:00+00:00,46.60001,1.379,2.575,3.66199994,246551136
601,2010-09-13 13:30:00+00:00,47.995,1.399,2.6630000000000003,3.7980001000000003,366295536
602,2010-09-20 13:30:00+00:00,49.66,1.262,2.483,3.73099995,419740864
603,2010-09-27 13:30:00+00:00,49.00999,1.229,2.4530000000000003,3.66100001,430626400
604,2010-10-04 13:30:00+00:00,49.75,1.075,2.335,3.67000008,411408928
605,2010-10-11 13:30:00+00:00,51.49001,1.077,2.346,3.81800008,379691984
606,2010-10-18 13:30:00+00:00,51.64,1.0759999999999998,2.456,3.89299989,392400384
607,2010-10-25 13:30:00+00:00,52.179990000000004,1.113,2.498,3.91599989,277283760
608,2010-11-01 13:30:00+00:00,53.67,1.02,2.4619999999999997,3.93300009,397056832
609,2010-11-08 14:30:00+00:00,52.50999,1.072,2.5140000000000002,4.12599993,374474560
610,2010-11-15 14:30:00+00:00,52.47,1.3519999999999999,2.765,4.27199984,361657088
611,2010-11-22 14:30:00+00:00,52.968,1.357,2.7289999999999996,4.19700003,223915584
612,2010-11-29 14:30:00+00:00,53.87,1.4269999999999998,2.753,4.11199999,384783648
613,2010-12-06 14:30:00+00:00,54.495,1.5130000000000001,2.924,4.23899984,242821488
614,2010-12-13 14:30:00+00:00,54.52,1.8719999999999999,3.2539999999999996,4.41400003,302374912
615,2010-12-20 14:30:00+00:00,54.742,1.8840000000000001,3.2510000000000003,4.41699982,141369616
616,2010-12-27 14:30:00+00:00,54.46001,2.001,3.28,4.39799976,143692800
617,2011-01-03 14:30:00+00:00,55.87,1.93,3.2880000000000003,4.40100002,297034112
618,2011-01-10 14:30:00+00:00,57.0,1.8630000000000002,3.2569999999999997,4.46199989,255492288
619,2011-01-18 14:30:00+00:00,55.679990000000004,1.879,3.281,4.47900009,285601216
620,2011-01-24 14:30:00+00:00,55.73,1.91,3.313,4.46600008,356971776
621,2011-01-31 14:30:00+00:00,57.375,1.8869999999999998,3.2939999999999996,4.52600002,289173904
622,2011-02-07 14:30:00+00:00,58.44,2.2640000000000002,3.61,4.68100023,264315552
623,2011-02-14 14:30:00+00:00,58.73,2.2569999999999997,3.552,4.62599993,223994672
624,2011-02-22 14:30:00+00:00,57.64999,2.096,3.4160000000000004,4.51599979,343250272
625,2011-02-28 14:30:00+00:00,57.9675,2.086,3.3810000000000002,4.46299982,331526352
626,2011-03-07 14:30:00+00:00,56.49001,1.999,3.3360000000000003,4.5,430304048
627,2011-03-14 13:30:00+00:00,54.45,1.804,3.1430000000000002,4.31799984,540725120
628,2011-03-21 13:30:00+00:00,56.84,1.939,3.2680000000000002,4.38700008,297672512
629,2011-03-28 13:30:00+00:00,57.46001,2.164,3.405,4.46700001,248929312
630,2011-04-04 13:30:00+00:00,56.95,2.174,3.4010000000000002,4.45499992,257063984
631,2011-04-11 13:30:00+00:00,56.64999,2.117,3.4,4.51800013,265148224
632,2011-04-18 13:30:00+00:00,58.34,2.05,3.35,4.42500019,218746032
633,2011-04-25 13:30:00+00:00,59.08,1.9669999999999999,3.284,4.38700008,224204432
634,2011-05-02 13:30:00+00:00,58.47,1.84,3.1310000000000002,4.25600004,284057872
635,2011-05-09 13:30:00+00:00,58.41,1.795,3.1319999999999997,4.28499985,269626272
636,2011-05-16 13:30:00+00:00,57.765,1.764,3.094,4.20200014,258394816
637,2011-05-23 13:30:00+00:00,57.429990000000004,1.706,3.055,4.21799994,195057776
638,2011-05-31 13:30:00+00:00,56.35001,1.548,2.943,4.13100004,207352128
639,2011-06-06 13:30:00+00:00,54.64,1.4980000000000002,2.9210000000000003,4.15600014,241961024
640,2011-06-13 13:30:00+00:00,53.78999,1.453,2.884,4.13999987,274002688
641,2011-06-20 13:30:00+00:00,54.38,1.3730000000000002,2.8489999999999998,4.150000100000001,267170304
642,2011-06-27 13:30:00+00:00,57.91,1.358,2.846,4.17199993,266102400
643,2011-07-05 13:30:00+00:00,59.03,1.5490000000000002,3.01,4.34600019,216744624
644,2011-07-11 13:30:00+00:00,57.85001,1.374,2.8169999999999997,4.12799978,385517440
645,2011-07-18 13:30:00+00:00,59.60001,1.4069999999999998,2.8689999999999998,4.17600012,304269776
646,2011-07-25 13:30:00+00:00,58.0,1.3459999999999999,2.7760000000000002,4.23899984,317696640
647,2011-08-01 13:30:00+00:00,53.83,1.072,2.339,3.66400003,626826256
648,2011-08-08 13:30:00+00:00,53.570009999999996,0.8240000000000001,2.036,3.45600009,838736736
649,2011-08-15 13:30:00+00:00,50.03,0.797,1.9780000000000002,3.34100008,473880864
650,2011-08-22 13:30:00+00:00,53.13,0.887,2.043,3.35500002,418190560
651,2011-08-29 13:30:00+00:00,53.28,0.838,1.986,3.49000001,283846288
652,2011-09-06 13:30:00+00:00,53.179990000000004,0.799,1.8980000000000001,3.18700004,227030560
653,2011-09-12 13:30:00+00:00,56.59,0.79,1.88,3.20600009,391188304
654,2011-09-19 13:30:00+00:00,54.14999,0.7659999999999999,1.676,2.7650001,457376880
655,2011-09-26 13:30:00+00:00,52.49001,0.846,1.7819999999999998,2.83999991,476024560
656,2011-10-03 13:30:00+00:00,54.070009999999996,0.846,1.719,2.69400001,489449360
657,2011-10-10 13:30:00+00:00,58.179990000000004,1.05,2.114,3.04200006,329392800
658,2011-10-17 13:30:00+00:00,57.3,1.006,2.079,3.0539999,365068848
659,2011-10-24 13:30:00+00:00,58.94,0.987,2.105,3.12199998,372347680
660,2011-10-31 13:30:00+00:00,57.8,0.853,1.935,2.9460001,366153616
661,2011-11-07 14:30:00+00:00,57.85001,0.8420000000000001,1.931,2.9749999,318527568
662,2011-11-14 14:30:00+00:00,55.39999,0.856,1.9409999999999998,2.95000005,327287824
663,2011-11-21 14:30:00+00:00,52.88,0.87,1.874,2.88100004,178144720
664,2011-11-28 14:30:00+00:00,56.62,0.91,1.955,2.90700006,247985600
665,2011-12-05 14:30:00+00:00,57.02,0.8320000000000001,1.965,2.98799992,231197936
666,2011-12-12 14:30:00+00:00,54.86,0.802,1.837,2.85599995,307363600
667,2011-12-19 14:30:00+00:00,56.08,0.799,1.7990000000000002,2.77800012,273973104
668,2011-12-27 14:30:00+00:00,55.83,0.8320000000000001,1.859,2.89599991,109543120
669,2012-01-03 14:30:00+00:00,57.81,0.835,1.881,2.89100003,156501936
670,2012-01-09 14:30:00+00:00,58.179990000000004,0.772,1.838,2.94300008,174462656
671,2012-01-17 14:30:00+00:00,59.77,0.775,1.837,2.87899995,179308352
672,2012-01-23 14:30:00+00:00,60.39999,0.7440000000000001,1.891,3.03500009,224389632
673,2012-01-30 14:30:00+00:00,62.05,0.7020000000000001,1.79,2.93400002,223221072
674,2012-02-06 14:30:00+00:00,62.47501,0.75,1.8869999999999998,3.07299995,212597664
675,2012-02-13 14:30:00+00:00,63.429990000000004,0.78,1.902,3.06100011,353958832
676,2012-02-21 14:30:00+00:00,63.96001,0.86,1.97,3.11100006,176934864
677,2012-02-27 14:30:00+00:00,64.87,0.8240000000000001,1.8980000000000001,3.01900005,247107072
678,2012-03-05 14:30:00+00:00,65.02,0.816,1.932,3.05900002,229997232
679,2012-03-12 13:30:00+00:00,66.52,0.873,1.9909999999999999,3.13599992,272726864
680,2012-03-19 13:30:00+00:00,66.939,1.067,2.213,3.33999991,250412896
681,2012-03-26 13:30:00+00:00,67.55,0.992,2.1430000000000002,3.26099992,216010784
682,2012-04-02 13:30:00+00:00,67.72,0.971,2.141,3.28999996,182597632
683,2012-04-09 13:30:00+00:00,66.19,0.8420000000000001,1.966,3.10500002,281747056
684,2012-04-16 13:30:00+00:00,65.67999,0.821,1.9469999999999998,3.09299994,288502752
685,2012-04-23 13:30:00+00:00,67.24001,0.7859999999999999,1.8840000000000001,3.05699992,265514304
686,2012-04-30 13:30:00+00:00,64.7,0.7759999999999999,1.874,3.09100008,272591856
687,2012-05-07 13:30:00+00:00,64.17999,0.71,1.794,2.9849999,305197216
688,2012-05-14 13:30:00+00:00,60.81,0.7090000000000001,1.695,2.7809999,307844192
689,2012-05-21 13:30:00+00:00,62.070009999999996,0.725,1.7080000000000002,2.78299999,296589520
690,2012-05-29 13:30:00+00:00,60.409,0.5920000000000001,1.4409999999999998,2.58500004,227344016
691,2012-06-04 13:30:00+00:00,62.87,0.498,1.4469999999999998,2.51900005,258969264
692,2012-06-11 13:30:00+00:00,62.99001,0.672,1.565,2.6960001,257359040
693,2012-06-18 13:30:00+00:00,63.35001,0.662,1.556,2.64499998,192063008
694,2012-06-25 13:30:00+00:00,64.16,0.677,1.561,2.65300012,194012032
695,2012-07-02 13:30:00+00:00,64.12,0.63,1.5319999999999998,2.65400004,127037422
696,2012-07-09 13:30:00+00:00,63.38,0.593,1.4509999999999998,2.55900002,216473904
697,2012-07-16 13:30:00+00:00,64.235,0.564,1.435,2.51699996,208180000
698,2012-07-23 13:30:00+00:00,64.87,0.53,1.375,2.44300008,236752448
699,2012-07-30 13:30:00+00:00,65.60001,0.5710000000000001,1.443,2.5079999,186003840
700,2012-08-06 13:30:00+00:00,66.86,0.628,1.524,2.61899996,113522592
701,2012-08-13 13:30:00+00:00,68.32001,0.6759999999999999,1.624,2.71300006,131510448
702,2012-08-20 13:30:00+00:00,68.28999,0.6629999999999999,1.6269999999999998,2.7750001,180057488
703,2012-08-27 13:30:00+00:00,68.16,0.579,1.538,2.72199988,141242560
704,2012-09-04 13:30:00+00:00,69.42999,0.58,1.5390000000000001,2.65400004,134216608
705,2012-09-10 13:30:00+00:00,70.17999,0.615,1.632,2.79699993,181818048
706,2012-09-17 13:30:00+00:00,70.14999,0.648,1.7169999999999999,2.90899992,161657312
707,2012-09-24 13:30:00+00:00,68.57001,0.599,1.594,2.77900004,161871600
708,2012-10-01 13:30:00+00:00,68.98,0.596,1.5930000000000002,2.7960000000000003,160541808
709,2012-10-08 13:30:00+00:00,66.67999,0.627,1.6280000000000001,2.84699988,199390640
710,2012-10-15 13:30:00+00:00,65.67999,0.652,1.645,2.82200003,226688608
711,2012-10-22 13:30:00+00:00,65.35001,0.736,1.733,2.89299989,238003376
712,2012-10-29 13:30:00+00:00,65.17,0.7070000000000001,1.6780000000000002,2.85100007,109552400
713,2012-11-05 14:30:00+00:00,63.429990000000004,0.614,1.5730000000000002,2.74600005,238585328
714,2012-11-12 14:30:00+00:00,62.3,0.591,1.55,2.7019999,284598640
715,2012-11-19 14:30:00+00:00,64.89999,0.602,1.5719999999999998,2.74099994,143401936
716,2012-11-26 14:30:00+00:00,65.8,0.606,1.591,2.74600005,164193088
717,2012-12-03 14:30:00+00:00,64.92999,0.585,1.5590000000000002,2.74499989,209599536
718,2012-12-10 14:30:00+00:00,64.69,0.591,1.5930000000000002,2.78600001,204985936
719,2012-12-17 14:30:00+00:00,65.2,0.6829999999999999,1.6980000000000002,2.86599994,224630096
720,2012-12-24 14:30:00+00:00,63.78,0.6990000000000001,1.686,2.86999989,119204262
721,2012-12-31 14:30:00+00:00,66.63,0.6990000000000001,1.6880000000000002,2.9519999,209588736
722,2013-01-07 14:30:00+00:00,67.25999,0.752,1.8419999999999999,3.0460000000000003,139814016
723,2013-01-14 14:30:00+00:00,67.07001,0.721,1.796,2.9849999,166303376
724,2013-01-22 14:30:00+00:00,67.0,0.723,1.7990000000000002,3.00200009,145952512
725,2013-01-28 14:30:00+00:00,67.66,0.8109999999999999,1.919,3.11500001,190928432
726,2013-02-04 14:30:00+00:00,67.99001,0.804,1.925,3.13899994,213065744
727,2013-02-11 14:30:00+00:00,67.75,0.8190000000000001,1.9380000000000002,3.1500001,113025264
728,2013-02-19 14:30:00+00:00,67.13901,0.8140000000000001,1.95,3.14599991,129458592
729,2013-02-25 14:30:00+00:00,67.38,0.732,1.8319999999999999,3.02999997,179530560
730,2013-03-04 14:30:00+00:00,68.77,0.723,1.8219999999999998,3.03699994,131978848
731,2013-03-11 13:30:00+00:00,68.50999,0.8190000000000001,1.982,3.19799995,147351984
732,2013-03-18 13:30:00+00:00,68.59,0.758,1.886,3.11199999,156223616
733,2013-03-25 13:30:00+00:00,68.97,0.718,1.824,3.0710001,90853744
734,2013-04-01 13:30:00+00:00,67.86099,0.653,1.672,2.9849999,180582448
735,2013-04-08 13:30:00+00:00,69.94,0.675,1.692,2.86800003,174130736
736,2013-04-15 13:30:00+00:00,68.09,0.667,1.666,2.84599996,236548144
737,2013-04-22 13:30:00+00:00,69.57001,0.65,1.6369999999999998,2.82299995,182511872
738,2013-04-29 13:30:00+00:00,72.12,0.633,1.609,2.80999994,156155584
739,2013-05-06 13:30:00+00:00,73.05,0.716,1.7309999999999999,2.94400001,119348384
740,2013-05-13 13:30:00+00:00,74.3,0.76,1.8530000000000002,3.07599998,151332432
741,2013-05-20 13:30:00+00:00,73.41,0.772,1.885,3.0999999,185544304
742,2013-05-28 13:30:00+00:00,73.25,0.897,2.02,3.19000006,129906544
743,2013-06-03 13:30:00+00:00,73.39,0.934,1.989,3.16899991,226018400
744,2013-06-10 13:30:00+00:00,72.28,0.995,2.093,3.29500008,163683808
745,2013-06-17 13:30:00+00:00,70.42999,0.997,2.105,3.28600001,212923776
746,2013-06-24 13:30:00+00:00,71.27,1.344,2.44,3.5079998999999997,145983744
747,2013-07-01 13:30:00+00:00,72.58,1.32,2.41,3.45099998,95664288
748,2013-07-08 13:30:00+00:00,75.3,1.344,2.513,3.59299994,151473344
749,2013-07-15 13:30:00+00:00,74.59,1.2770000000000001,2.455,3.54399991,150182416
750,2013-07-22 13:30:00+00:00,75.37,1.272,2.459,3.53200006,114364304
751,2013-07-29 13:30:00+00:00,76.97,1.3430000000000002,2.54,3.60899997,105067584
752,2013-08-05 13:30:00+00:00,76.49001,1.3359999999999999,2.5669999999999997,3.6400001000000004,97988237
753,2013-08-12 13:30:00+00:00,75.485,1.331,2.545,3.602,137585280
754,2013-08-19 13:30:00+00:00,76.67,1.526,2.7969999999999997,3.84100008,117101392
755,2013-08-26 13:30:00+00:00,75.47,1.507,2.701,3.68400002,141601024
756,2013-09-03 13:30:00+00:00,76.92999,1.646,2.8089999999999997,3.7276001000000005,99924192
757,2013-09-09 13:30:00+00:00,78.06,1.655,2.855,3.80699992,116184976
758,2013-09-16 13:30:00+00:00,78.985,1.3769999999999998,2.667,3.73099995,137571200
759,2013-09-23 13:30:00+00:00,79.07001,1.3719999999999999,2.5980000000000003,3.64199996,122514672
760,2013-09-30 13:30:00+00:00,79.39999,1.331,2.576,3.6559998999999994,152517824
761,2013-10-07 13:30:00+00:00,79.23,1.359,2.6,3.67799997,201698912
762,2013-10-14 13:30:00+00:00,82.14999,1.2819999999999998,2.533,3.6500001,188713504
763,2013-10-21 13:30:00+00:00,82.89999,1.246,2.464,3.56500006,172130512
764,2013-10-28 13:30:00+00:00,82.81,1.242,2.467,3.58999991,161214979
765,2013-11-04 14:30:00+00:00,82.54,1.2919999999999998,2.5869999999999997,3.67199993,154049776
766,2013-11-11 14:30:00+00:00,83.96,1.324,2.685,3.76300001,127894276
767,2013-11-18 14:30:00+00:00,83.99,1.311,2.662,3.74900007,142888616
768,2013-11-25 14:30:00+00:00,85.73,1.319,2.702,3.78399992,86676235
769,2013-12-02 14:30:00+00:00,86.0,1.393,2.78,3.81680012,177374327
770,2013-12-09 14:30:00+00:00,84.85,1.44,2.785,3.8269998999999997,154134408
771,2013-12-16 14:30:00+00:00,86.5,1.465,2.82,3.84200001,204715444
772,2013-12-23 14:30:00+00:00,87.52,1.608,2.835,3.77900004,73107297
773,2013-12-30 14:30:00+00:00,86.64,1.695,2.9610000000000003,3.89499998,108799013
774,2014-01-06 14:30:00+00:00,87.3,1.6019999999999999,2.844,3.86599994,146923412
775,2014-01-13 14:30:00+00:00,87.88,1.5719999999999998,2.8110000000000004,3.76300001,197077467
776,2014-01-21 14:30:00+00:00,86.74,1.485,2.7,3.66100001,155270098
777,2014-01-27 14:30:00+00:00,86.27,1.4769999999999999,2.639,3.60800004,272241132
778,2014-02-03 14:30:00+00:00,87.3,1.415,2.563,3.5250001,216192920
779,2014-02-10 14:30:00+00:00,89.81,1.4380000000000002,2.657,3.6500001,176019432
780,2014-02-18 14:30:00+00:00,89.93,1.4380000000000002,2.668,3.65199995,144444615
781,2014-02-24 14:30:00+00:00,90.34,1.463,2.627,3.59200001,179324039
782,2014-03-03 14:30:00+00:00,90.53,1.443,2.5860000000000003,3.53600001,154642415
783,2014-03-10 13:30:00+00:00,88.67,1.48,2.603,3.58699989,160921179
784,2014-03-17 13:30:00+00:00,89.0,1.518,2.6319999999999997,3.58209991,195043659
785,2014-03-24 13:30:00+00:00,87.05,1.656,2.653,3.49300003,265068643
786,2014-03-31 13:30:00+00:00,86.37,1.6869999999999998,2.7119999999999997,3.54699993,268772052
787,2014-04-07 13:30:00+00:00,84.11,1.5430000000000001,2.6,3.5,348493692
788,2014-04-14 13:30:00+00:00,86.2,1.536,2.59,3.43499994,231822617
789,2014-04-21 13:30:00+00:00,86.19,1.6780000000000002,2.638,3.45300007,192185912
790,2014-04-28 13:30:00+00:00,87.49,1.604,2.5660000000000003,3.39899993,211257234
791,2014-05-05 13:30:00+00:00,86.8,1.56,2.576,3.35500002,210750468
792,2014-05-12 13:30:00+00:00,87.71,1.5,2.4665,3.30299997,222234092
793,2014-05-19 13:30:00+00:00,89.88,1.4933,2.4865,3.32399988,155879010
794,2014-05-27 13:30:00+00:00,91.31,1.4611,2.3965,3.26600003,123156303
795,2014-06-02 13:30:00+00:00,92.82,1.534,2.47,3.32399988,130591050
796,2014-06-09 13:30:00+00:00,92.32,1.641,2.5764,3.40300012,141647936
797,2014-06-16 13:30:00+00:00,92.77,1.6434,2.5660000000000003,3.352,144042253
798,2014-06-23 13:30:00+00:00,93.75,1.6134,2.5065,3.33500004,131055957
799,2014-06-30 13:30:00+00:00,95.7,1.6134,2.512,3.33699989,85703493
800,2014-07-07 13:30:00+00:00,95.27,1.6019999999999999,2.496,3.32299995,157627611
801,2014-07-14 13:30:00+00:00,96.12,1.605,2.437,3.25999999,160923504
802,2014-07-21 13:30:00+00:00,96.74,1.6311,2.4464,3.23900008,139083491
803,2014-07-28 13:30:00+00:00,94.67,1.6540000000000001,2.4465,3.21700001,198730027
804,2014-08-04 13:30:00+00:00,94.9,1.5533,2.3665,3.2190001,191506568
805,2014-08-11 13:30:00+00:00,97.4,1.431,2.3065,3.18799996,164650583
806,2014-08-18 13:30:00+00:00,99.05,1.5333,2.3565,3.13800001,127776269
807,2014-08-25 13:30:00+00:00,99.78,1.6119999999999999,2.325,3.05900002,101297182
808,2014-09-02 13:30:00+00:00,99.89,1.6219999999999999,2.336,3.08899999,99751856
809,2014-09-08 13:30:00+00:00,99.48,1.71,2.468,3.18300009,152318445
810,2014-09-15 13:30:00+00:00,99.98,1.7434,2.5465,3.30800009,185465230
811,2014-09-22 13:30:00+00:00,98.78,1.7434,2.496,3.20900011,243358235
812,2014-09-29 13:30:00+00:00,98.17,1.6640000000000001,2.3865,3.08899999,229470977
813,2014-10-06 13:30:00+00:00,94.44,1.5219999999999998,2.2765,3.02900004,286200802
814,2014-10-13 13:30:00+00:00,93.0,1.1533,1.9165,2.6730001,424210635
815,2014-10-20 13:30:00+00:00,98.62,1.3954,2.0,2.92400002,225552561
816,2014-10-27 13:30:00+00:00,101.4,1.4632,2.2463,3.0079999,194783488
817,2014-11-03 14:30:00+00:00,101.6,1.5772,2.2952,3.01999998,127676487
818,2014-11-10 14:30:00+00:00,103.22,1.5634,2.3164,3.0150001,105143458
819,2014-11-17 14:30:00+00:00,103.87,1.5933,2.3052,3.00999999,130381835
820,2014-11-24 14:30:00+00:00,106.01,1.4736,2.1666,2.92140007,71788504
821,2014-12-01 14:30:00+00:00,105.38,1.5065,2.2113,2.87599993,151606134
822,2014-12-08 14:30:00+00:00,102.67,1.492,2.0765,2.80500007,212516424
823,2014-12-15 14:30:00+00:00,104.32,1.4734,2.0264,2.67000008,299293246
824,2014-12-22 14:30:00+00:00,105.04,1.6,2.1583,2.74000001,92241761
825,2014-12-29 14:30:00+00:00,102.94,1.5872,2.1055,2.73600006,91359481
826,2015-01-05 14:30:00+00:00,102.62,1.2,1.9367,2.47099996,221926793
827,2015-01-12 14:30:00+00:00,100.82,1.1613,1.709,2.35400009,228013928
828,2015-01-20 14:30:00+00:00,104.26,1.2434,1.7566,2.3499999,146762988
829,2015-01-26 14:30:00+00:00,101.1,1.1515,1.6355,2.273,198273122
830,2015-02-02 14:30:00+00:00,103.13,1.1837,1.6692,2.22289991,166222997
831,2015-02-09 14:30:00+00:00,106.91,1.4875,1.9764,2.46399999,118145347
832,2015-02-17 14:30:00+00:00,108.41,1.5032,2.0471,2.6099999,80989786
833,2015-02-23 14:30:00+00:00,108.4,1.4432,1.9653,2.53299999,107098380
834,2015-03-02 14:30:00+00:00,107.41,1.4936,1.993,2.59299994,111156394
835,2015-03-09 13:30:00+00:00,105.34,1.5555,2.0855,2.63400006,149425604
836,2015-03-16 13:30:00+00:00,108.53,1.3668,1.9009,2.49600005,148975525
837,2015-03-23 13:30:00+00:00,105.52,1.3432,1.8571,2.44400001,163019883
838,2015-03-30 13:30:00+00:00,105.12,1.3231,1.8642,2.45700002,113192990
839,2015-04-06 13:30:00+00:00,107.75,1.3019,1.8752,2.44499993,109976500
840,2015-04-13 13:30:00+00:00,106.01,1.2472,1.8473,2.49300003,125377031
841,2015-04-20 13:30:00+00:00,110.54,1.2836,1.8479,2.50900006,135116219
842,2015-04-27 13:30:00+00:00,109.05,1.3371,1.9243,2.59500003,178969300
843,2015-05-04 13:30:00+00:00,108.69,1.4534,2.0864,2.8039999,176396817
844,2015-05-11 13:30:00+00:00,109.58,1.4434,2.1264,2.87800002,121924381
845,2015-05-18 13:30:00+00:00,110.47,1.3158,1.9121,2.9289999,83291498
846,2015-05-26 13:30:00+00:00,110.05,1.4632,2.0855,2.85599995,103746527
847,2015-06-01 13:30:00+00:00,109.3,1.4615,2.1071,2.86400008,118543348
848,2015-06-08 13:30:00+00:00,108.75,1.6972,2.3471,3.08299994,127196896
849,2015-06-15 13:30:00+00:00,109.89,1.5536,2.2552,3.03500009,141902361
850,2015-06-22 13:30:00+00:00,109.27,1.6472,2.329,3.04870009,103703061
851,2015-06-29 13:30:00+00:00,107.95,1.6034,2.3064,3.07200003,127477226
852,2015-07-06 13:30:00+00:00,107.65,1.4857,2.0,2.96199989,163030133
853,2015-07-13 13:30:00+00:00,113.59,1.6249,2.3362,3.102,142155189
854,2015-07-20 13:30:00+00:00,111.1,1.5934,2.2564,2.96700001,154125841
855,2015-07-27 13:30:00+00:00,111.95,1.5234,2.1764,2.91300011,143782187
856,2015-08-03 13:30:00+00:00,110.31,1.4934,2.1364,2.84500003,148256243
857,2015-08-10 13:30:00+00:00,110.51,1.454,2.076,2.7249999,139948461
858,2015-08-17 13:30:00+00:00,102.4,1.4134,2.0266,2.74300003,233231454
859,2015-08-24 13:30:00+00:00,105.62,1.2934,1.9164,2.62400007,449319276
860,2015-08-31 13:30:00+00:00,102.16,1.4435,2.1165,2.86100006,251179918
861,2015-09-08 13:30:00+00:00,105.57,1.4934,2.1564,2.88700008,161283072
862,2015-09-14 13:30:00+00:00,105.35,1.4234,2.123,2.9230001,185591967
863,2015-09-21 13:30:00+00:00,102.92,1.4034,2.0764,2.86500001,187891749
864,2015-09-28 13:30:00+00:00,104.01,1.2102,1.9024,2.81900001,233514442
865,2015-10-05 13:30:00+00:00,106.53,1.2711,2.028,2.81299996,177399501
866,2015-10-12 13:30:00+00:00,108.12,1.2636,1.9664,2.83299994,139549143
867,2015-10-19 13:30:00+00:00,112.78,1.3234,2.0019,2.83400011,173325814
868,2015-10-26 13:30:00+00:00,113.33,1.3618,2.0379,2.82800007,151642953
869,2015-11-02 14:30:00+00:00,114.79,1.5076,2.1272,2.90899992,126157332
870,2015-11-09 14:30:00+00:00,109.84,1.6286,2.2465,3.07599998,175713602
871,2015-11-16 14:30:00+00:00,114.48,1.6534,2.2266,2.98799992,146442263
872,2015-11-23 14:30:00+00:00,114.31,1.6336,2.2003,2.9690001,70058513
873,2015-11-30 14:30:00+00:00,115.14,1.5907,2.1457,2.90100002,158868244
874,2015-12-07 14:30:00+00:00,110.79,1.5445,2.1164,2.92799997,191370790
875,2015-12-14 14:30:00+00:00,109.83,1.6439,2.1763,2.87599993,245885490
876,2015-12-21 14:30:00+00:00,112.59,1.6555,2.1828,2.88899994,90110289
877,2015-12-28 14:30:00+00:00,111.86,1.7097,2.2251,2.92499995,96316240
878,2016-01-04 14:30:00+00:00,104.01,1.5467,2.1033,2.88499999,262224228
879,2016-01-11 14:30:00+00:00,100.84,1.3885,1.9873,2.81699991,336518661
880,2016-01-19 14:30:00+00:00,103.77,1.4149,1.9907,2.71099997,247128730
881,2016-01-25 14:30:00+00:00,104.13,1.3234,1.9066,2.74900007,231436736
882,2016-02-01 14:30:00+00:00,98.12,1.2036,1.827,2.62299991,259322888
883,2016-02-08 14:30:00+00:00,98.02,1.1136,1.642,2.38000011,350898865
884,2016-02-16 14:30:00+00:00,101.63,1.1745,1.7195,2.60249996,149581746
885,2016-02-22 14:30:00+00:00,103.43,1.1236,1.7157,2.51300001,154902236
886,2016-02-29 14:30:00+00:00,105.67,1.2123,1.7352,2.58599997,151593521
887,2016-03-07 14:30:00+00:00,106.49,1.3375,1.8261,2.59800005,162258643
888,2016-03-14 13:30:00+00:00,107.37,1.3228,1.8631,2.65700006,150898627
889,2016-03-21 13:30:00+00:00,107.26,1.3434,1.8769,2.64700007,76058968
890,2016-03-28 13:30:00+00:00,110.36,1.199,1.7564,2.59699988,115499742
891,2016-04-04 13:30:00+00:00,109.0,1.1197,1.6638,2.51099992,113792087
892,2016-04-11 13:30:00+00:00,110.64,1.1575,1.7272,2.5309999,118245887
893,2016-04-18 13:30:00+00:00,108.98,1.2206,1.7711,2.53399992,136975807
894,2016-04-25 13:30:00+00:00,105.72,1.2736,1.8123,2.66300011,163850955
895,2016-05-02 13:30:00+00:00,105.58,1.1434,1.7066,2.59500003,142404385
896,2016-05-09 13:30:00+00:00,105.5,1.1932,1.6966,2.56299996,111690301
897,2016-05-16 13:30:00+00:00,106.47,1.2502,1.7568,2.54640007,133306670
898,2016-05-23 13:30:00+00:00,110.13,1.3329,1.8223,2.60599995,125881704
899,2016-05-31 13:30:00+00:00,110.06,1.2136,1.6966,2.5710001,79904175
900,2016-06-06 13:30:00+00:00,108.94,1.1536,1.6258,2.46000004,89791994
901,2016-06-13 13:30:00+00:00,106.49,1.0731,1.5728,2.34500003,135895145
902,2016-06-20 13:30:00+00:00,104.29,0.892,1.4097,2.45099998,152818015
903,2016-06-27 13:30:00+00:00,108.08,0.9257,1.3822,2.24699998,165865252
904,2016-07-05 13:30:00+00:00,110.3,0.9246,1.3209,2.09800005,94366792
905,2016-07-11 13:30:00+00:00,111.8,1.0199,1.357,2.08899999,102102709
906,2016-07-18 13:30:00+00:00,113.65,1.0761,1.5367,2.25900006,103537285
907,2016-07-25 13:30:00+00:00,115.23,1.0205,1.4488,2.21099997,101163025
908,2016-08-01 13:30:00+00:00,116.78,1.0177,1.4869999999999999,2.17650008,86311599
909,2016-08-08 13:30:00+00:00,117.2,1.0561,1.4793,2.21799994,72671879
910,2016-08-15 13:30:00+00:00,117.26,1.1087,1.5347,2.22000003,70698788
911,2016-08-22 13:30:00+00:00,116.78,1.1184,1.5271,2.21300006,92389432
912,2016-08-29 13:30:00+00:00,117.12,1.1403,1.5446,2.21000004,86230909
913,2016-09-06 13:30:00+00:00,114.28,1.0959999999999999,1.514,2.20600009,107010709
914,2016-09-12 13:30:00+00:00,117.29,1.1551,1.6583,2.36100006,180794715
915,2016-09-19 13:30:00+00:00,118.33,1.1502,1.6054,2.329,110676046
916,2016-09-26 13:30:00+00:00,118.72,1.0923,1.535,2.25999999,104187342
917,2016-10-03 13:30:00+00:00,118.47,1.18,1.6247,2.30500007,86908679
918,2016-10-10 13:30:00+00:00,117.14,1.244,1.7437,2.45499992,105863923
919,2016-10-17 13:30:00+00:00,118.15,1.2245,1.7316,2.47399998,81002317
920,2016-10-24 13:30:00+00:00,117.1,1.2314,1.7586,2.47000003,114417560
921,2016-10-31 13:30:00+00:00,113.65,1.224,1.7696,2.5309999,132410809
922,2016-11-07 14:30:00+00:00,115.8,1.2833,1.8216,2.52200007,231544169
923,2016-11-14 14:30:00+00:00,117.32,1.6292,2.1841,2.90799999,121267925
924,2016-11-21 14:30:00+00:00,118.8,1.7418,2.2838,2.95799994,69207927
925,2016-11-28 14:30:00+00:00,115.7,1.7705,2.2874,2.94099998,135110779
926,2016-12-05 14:30:00+00:00,119.5,1.7821,2.3333,3.0079999,115777023
927,2016-12-12 14:30:00+00:00,119.6,1.8592,2.4199,3.08599997,155529402
928,2016-12-19 14:30:00+00:00,120.2,2.0042,2.5248,3.102,65332223
929,2016-12-27 14:30:00+00:00,118.48,1.9184,2.4297,3.05900002,89102336
930,2017-01-03 14:30:00+00:00,121.93,1.8259,2.3332,2.9339,86775241
931,2017-01-09 14:30:00+00:00,123.16,1.8107,2.3032,2.8987,92325162
932,2017-01-17 14:30:00+00:00,123.25,1.8019,2.3031,2.9056,61839845
933,2017-01-23 14:30:00+00:00,125.8,1.8451,2.3774,2.9647,81216390
934,2017-01-30 14:30:00+00:00,125.68,1.8651,2.4246,3.0325,99018241
935,2017-02-06 14:30:00+00:00,127.38,1.7901,2.3213,2.9441,73198810
936,2017-02-13 14:30:00+00:00,129.81,1.8865,2.3973,3.0016,84007001
937,2017-02-21 14:30:00+00:00,130.26,1.7864,2.2967,2.9389,66704016
938,2017-02-27 14:30:00+00:00,131.02,1.8036,2.3126,2.9473,88095215
939,2017-03-06 14:30:00+00:00,131.39,1.9817,2.4529,3.0503,86080977
940,2017-03-13 13:30:00+00:00,131.69,1.9880000000000002,2.48,3.0928,87152223
941,2017-03-20 13:30:00+00:00,130.63,1.9049,2.3714,2.9902,118404211
942,2017-03-27 13:30:00+00:00,132.38,1.8782,2.3446,2.958,91297078
943,2017-04-03 13:30:00+00:00,131.97,1.7818,2.2676,2.9375,104686744
944,2017-04-10 13:30:00+00:00,130.4,1.7419,2.2139,2.867,89035850
945,2017-04-17 13:30:00+00:00,132.56,1.6882,2.1576,2.8228,88364270
946,2017-04-24 13:30:00+00:00,135.99,1.7686,2.2463,2.9043,106116358
947,2017-05-01 13:30:00+00:00,137.54,1.7977,2.2704,2.9376,100948861
948,2017-05-08 13:30:00+00:00,138.6,1.8402,2.3187,2.9596,109176106
949,2017-05-15 13:30:00+00:00,137.84,1.7104,2.1787,2.8723,175959493
950,2017-05-22 13:30:00+00:00,141.22,1.7623,2.2228,2.8871,95301230
951,2017-05-30 13:30:00+00:00,143.46,1.6991,2.1413,2.7977,110879435
952,2017-06-05 13:30:00+00:00,139.98,1.6884,2.1287,2.7906,192164103
953,2017-06-12 13:30:00+00:00,138.15,1.6692,2.1004,2.7627,318973324
954,2017-06-19 13:30:00+00:00,141.24,1.7276,2.1363,2.7083,162058406
955,2017-06-26 13:30:00+00:00,137.64,1.7399,2.1196,2.6801,315463699
956,2017-07-03 13:30:00+00:00,137.76,1.8736,2.2868,2.8218,160314467
957,2017-07-10 13:30:00+00:00,142.12,1.8162,2.275,2.8643,158035446
958,2017-07-17 13:30:00+00:00,144.11,1.7906,2.2238,2.7952,160680534
959,2017-07-24 13:30:00+00:00,143.84,1.7906,2.2251,2.7999,192123292
960,2017-07-31 13:30:00+00:00,143.65,1.7647,2.2145,2.7896,152353441
961,2017-08-07 13:30:00+00:00,142.1,1.7314,2.1814,2.7710000000000004,194107930
962,2017-08-14 13:30:00+00:00,141.23,1.7242,2.1612,2.7531,222526122
963,2017-08-21 13:30:00+00:00,141.97,1.7339,2.1590000000000003,2.7421,163649282
964,2017-08-28 13:30:00+00:00,146.0,1.6634,2.0837,2.6853,134277490
965,2017-09-05 13:30:00+00:00,144.21,1.5938,2.0129,2.6331,126814531
966,2017-09-11 13:30:00+00:00,146.06,1.6315,2.0506,2.6692,167552672
967,2017-09-18 13:30:00+00:00,144.32,1.8031,2.1979,2.7681,130509785
968,2017-09-25 13:30:00+00:00,145.45,1.8255,2.2074,2.7503,185077709
969,2017-10-02 13:30:00+00:00,147.66,1.889,2.2966,2.8397,128570933
970,2017-10-09 13:30:00+00:00,148.34,1.8923,2.2703,2.8035,78290343
971,2017-10-16 13:30:00+00:00,148.71,1.9065,2.2739,2.7992,110019363
972,2017-10-23 13:30:00+00:00,151.24,1.9935,2.3592,2.8719,174161043
973,2017-10-30 13:30:00+00:00,153.27,1.9677,2.3158,2.8063,144750957
974,2017-11-06 14:30:00+00:00,153.68,1.972,2.2969999999999997,2.7634,128145742
975,2017-11-13 14:30:00+00:00,153.95,2.0141,2.3142,2.7573,126020536
976,2017-11-20 14:30:00+00:00,156.26,2.0333,2.3161,2.7358,66800579
977,2017-11-27 14:30:00+00:00,154.49,2.0322,2.3077,2.7199,235478340
978,2017-12-04 14:30:00+00:00,154.7,2.0987,2.31,2.6933,181318999
979,2017-12-11 14:30:00+00:00,157.65,2.0999,2.3377,2.6765,139961092
980,2017-12-18 14:30:00+00:00,157.37,2.1463,2.3574,2.6904,139201208
981,2017-12-26 14:30:00+00:00,155.76,2.19,2.4027,2.7365,102886693
982,2018-01-02 14:30:00+00:00,161.92,2.2056,2.4028,2.738,113725294
983,2018-01-08 14:30:00+00:00,164.49,2.271,2.4591,2.7884,140181763
984,2018-01-16 14:30:00+00:00,166.34,2.3213,2.5201,2.8068,140451482
985,2018-01-22 14:30:00+00:00,170.93,2.4009,2.6057,2.8755,179321555
986,2018-01-29 14:30:00+00:00,164.61,2.4602,2.648,2.9018,231230693
987,2018-02-05 14:30:00+00:00,156.1,2.3758,2.6608,2.9772,522959828
988,2018-02-12 14:30:00+00:00,164.96,2.519,2.8036,3.0889,260833841
989,2018-02-20 14:30:00+00:00,168.17,2.6015,2.8587,3.1303,165118734
990,2018-02-26 14:30:00+00:00,165.99,2.5586,2.7893,3.0715,258667832
991,2018-03-05 14:30:00+00:00,173.16,2.5729,2.8147,3.095,166769458
992,2018-03-12 13:30:00+00:00,171.02,2.5852,2.7934,3.0332,193797387
993,2018-03-19 13:30:00+00:00,158.51,2.5891,2.7903,3.0306,296051948
994,2018-03-26 13:30:00+00:00,160.13,2.5368,2.7362,2.9664,294432829
995,2018-04-02 13:30:00+00:00,156.63,2.531,2.7139,2.9536,318333917
996,2018-04-09 13:30:00+00:00,161.37,2.5791,2.752,2.9694,207106623
997,2018-04-16 13:30:00+00:00,162.3,2.6727,2.8097,2.9951,177193579
998,2018-04-23 13:30:00+00:00,162.09,2.7904,2.9456,3.1159,249435658
999,2018-04-30 13:30:00+00:00,164.87,2.7415,2.9091,3.0883,212656021
1000,2018-05-07 13:30:00+00:00,169.46,2.7736,2.9338,3.0905,139419484
1001,2018-05-14 13:30:00+00:00,167.46,2.8212,2.9531,3.0931,147822649
1002,2018-05-21 13:30:00+00:00,169.72,2.7542,2.9195,3.0784,124147196
1003,2018-05-29 13:30:00+00:00,172.74,2.5524,2.7468,2.9521,145100581
1004,2018-06-04 13:30:00+00:00,174.44,2.7229,2.884,3.0432,141656229
1005,2018-06-11 13:30:00+00:00,176.98,2.7634,2.8871,3.012,168221833
1006,2018-06-18 13:30:00+00:00,175.32,2.7252,2.8561,2.9942,176449854
1007,2018-06-25 13:30:00+00:00,171.65,2.6901,2.8196,2.9531,252467540
1008,2018-07-02 13:30:00+00:00,175.61,2.6899,2.8063,2.9221,125914505
1009,2018-07-09 13:30:00+00:00,179.61,2.7059,2.8208,2.9276,137543182
1010,2018-07-16 13:30:00+00:00,178.99,2.7142,2.8225,2.9299,142661988
1011,2018-07-23 13:30:00+00:00,177.62,2.7483,2.8779,3.0179,195436657
1012,2018-07-30 13:30:00+00:00,180.08,2.8091,2.9287,3.0556,220692724
1013,2018-08-06 13:30:00+00:00,180.52,2.7219,2.8502,3.0111,130056538
1014,2018-08-13 13:30:00+00:00,179.86,2.7041,2.8335,3.0014,169334634
1015,2018-08-20 13:30:00+00:00,182.48,2.6886,2.8022,2.9536,118152272
1016,2018-08-27 13:30:00+00:00,186.65,2.7105,2.8103,2.9583,136764880
1017,2018-09-04 13:30:00+00:00,181.11,2.728,2.8513,3.0143,164407761
1018,2018-09-10 13:30:00+00:00,183.99,2.8075,2.926,3.0789999999999997,154809730
1019,2018-09-17 13:30:00+00:00,183.71,2.8742,2.9747,3.1189999999999998,168693094
1020,2018-09-24 13:30:00+00:00,185.79,2.924,3.0221,3.1584,157623805
1021,2018-10-01 13:30:00+00:00,180.15,2.9266,3.0436,3.1942,246001501
1022,2018-10-08 13:30:00+00:00,174.32,2.9788,3.1239,3.2986,475596333
1023,2018-10-15 13:30:00+00:00,173.02,2.9909,3.1392,3.3114,369262523
1024,2018-10-22 13:30:00+00:00,166.66,2.8834,3.0563,3.2988,447925680
1025,2018-10-29 13:30:00+00:00,169.38,2.8894,3.0554,3.2922,406958137
1026,2018-11-05 14:30:00+00:00,171.52,3.0101,3.1723,3.3808,216052785
1027,2018-11-12 14:30:00+00:00,167.5,2.8680000000000003,3.0592,3.3147,340622188
1028,2018-11-19 14:30:00+00:00,159.21,2.8466,3.0294,3.2765,236402840
1029,2018-11-26 14:30:00+00:00,169.37,2.8059,2.9842,3.2862,230370153
1030,2018-12-03 14:30:00+00:00,161.38,2.682,2.8275,3.1069,273514140
1031,2018-12-10 14:30:00+00:00,161.08,2.6688,2.8221,3.0981,289724329
1032,2018-12-17 14:30:00+00:00,147.57,2.6012,2.7446,2.9562,460464199
1033,2018-12-24 14:30:00+00:00,152.97,2.5413,2.7093,2.9739,318826322
1034,2018-12-31 14:30:00+00:00,156.23,2.3480000000000003,2.5407,2.8861,261121530
1035,2019-01-07 14:30:00+00:00,160.69,2.4597,2.6291,2.9333,217059829
1036,2019-01-14 14:30:00+00:00,165.25,2.4784,2.6566,3.0057,201908850
1037,2019-01-22 14:30:00+00:00,165.15,2.5299,2.6982,3.0234,163697176
1038,2019-01-28 14:30:00+00:00,167.45,2.4207,2.6155,2.9857,175023957
1039,2019-02-04 14:30:00+00:00,168.56,2.4252,2.6223,2.9694,153902095
1040,2019-02-11 14:30:00+00:00,171.94,2.4445,2.6339,2.9737,140098812
1041,2019-02-19 14:30:00+00:00,172.89,2.4483,2.6245,2.968,105023433
1042,2019-02-25 14:30:00+00:00,174.39,2.4326,2.6245,3.0025,136227111
1043,2019-03-04 14:30:00+00:00,171.17,2.4311,2.6276,3.0027,166288570
1044,2019-03-11 13:30:00+00:00,178.35,2.3799,2.5773,2.9821,168841478
1045,2019-03-18 13:30:00+00:00,178.56,2.2218,2.4165,2.8563,233156486
1046,2019-03-25 13:30:00+00:00,179.66,2.1129,2.3436,2.7901,182255088
1047,2019-04-01 13:30:00+00:00,184.66,2.2430000000000003,2.4214,2.8218,139453587
1048,2019-04-08 13:30:00+00:00,185.83,2.2628,2.4604,2.8848,118535617
1049,2019-04-15 13:30:00+00:00,187.39,2.3514,2.5422,2.9565,106501194
1050,2019-04-22 13:30:00+00:00,190.65,2.2774,2.4893,2.9145,132455736
1051,2019-04-29 13:30:00+00:00,191.11,2.2134,2.4515,2.886,162504930
1052,2019-05-06 13:30:00+00:00,185.0,2.2116,2.4201,2.8386,248233300
1053,2019-05-13 13:30:00+00:00,183.04,2.1247,2.3499,2.7992,235474382
1054,2019-05-20 13:30:00+00:00,178.16,2.0791,2.29,2.7291,165809210
1055,2019-05-28 13:30:00+00:00,173.95,1.9028,2.1246,2.5655,142743591
1056,2019-06-03 13:30:00+00:00,181.04,1.7872,2.0512,2.5203,233854385
1057,2019-06-10 13:30:00+00:00,182.64,1.7922,2.0554,2.5681,156963638
1058,2019-06-17 13:30:00+00:00,188.57,1.7053,1.973,2.4897,181132014
1059,2019-06-24 13:30:00+00:00,186.74,1.7054,1.9785,2.515,116780514
1060,2019-07-01 13:30:00+00:00,191.05,1.7049,1.9369999999999998,2.454,86436848
1061,2019-07-08 13:30:00+00:00,193.53,1.7995,2.0083,2.5067,109114841
1062,2019-07-15 13:30:00+00:00,191.01,1.7599,2.019,2.5527,111016315
1063,2019-07-22 13:30:00+00:00,195.29,1.7803,2.008,2.5403,107029181
1064,2019-07-29 13:30:00+00:00,187.35,1.6296,1.8298,2.3651,199249785
1065,2019-08-05 13:30:00+00:00,186.49,1.4116,1.5927,2.127,238954816
1066,2019-08-12 13:30:00+00:00,185.48,1.3826,1.474,1.9165,187749645
1067,2019-08-19 13:30:00+00:00,182.07,1.3823,1.5031,2.0043,142967077
1068,2019-08-26 13:30:00+00:00,187.47,1.3227,1.4397,1.9031,129378676
1069,2019-09-03 13:30:00+00:00,191.59,1.306,1.4280000000000002,1.9077,103251767
1070,2019-09-09 13:30:00+00:00,192.54,1.4181,1.5479,2.0199,129575557
1071,2019-09-16 13:30:00+00:00,190.8,1.5919999999999999,1.7141,2.1514,128952119
1072,2019-09-23 13:30:00+00:00,187.03,1.5007,1.6258,2.0834,168347619
1073,2019-09-30 13:30:00+00:00,188.81,1.3182,1.5038,2.0027,180521831
1074,2019-10-07 13:30:00+00:00,191.11,1.3154,1.5021,1.9963,143558218
1075,2019-10-14 13:30:00+00:00,191.69,1.4942,1.6716,2.1464,106678697
1076,2019-10-21 13:30:00+00:00,195.64,1.5445,1.7279,2.2163,94827596
1077,2019-10-28 13:30:00+00:00,198.87,1.4959,1.6775,2.1631,108109967
1078,2019-11-04 14:30:00+00:00,201.23,1.5376,1.7068,2.1851,86895076
1079,2019-11-11 14:30:00+00:00,202.91,1.6094,1.8036,2.2849,76566051
1080,2019-11-18 14:30:00+00:00,201.83,1.5659,1.723,2.1726,107244012
1081,2019-11-25 14:30:00+00:00,205.1,1.5825,1.7273,2.1675,59522425
1082,2019-12-02 14:30:00+00:00,205.0,1.5147,1.6904,2.141,106484210
1083,2019-12-09 14:30:00+00:00,207.19,1.6109,1.7745,2.2103,120018666
1084,2019-12-16 14:30:00+00:00,211.71,1.6417,1.8182,2.2521,98474648
1085,2019-12-23 14:30:00+00:00,213.61,1.6699,1.8665,2.3025,66189240
1086,2019-12-30 14:30:00+00:00,214.18,1.5774,1.7872,2.2434,98579059
1087,2020-01-06 14:30:00+00:00,218.43,1.5561,1.7629,2.2222,116868117
1088,2020-01-13 14:30:00+00:00,223.38,1.5886,1.7734,2.2272,116291652
1089,2020-01-21 14:30:00+00:00,222.7,1.4866,1.6679,2.1187,105815263
1090,2020-01-27 14:30:00+00:00,219.07,1.3077,1.5004,1.9909999999999999,189643347
1091,2020-02-03 14:30:00+00:00,229.2,1.3085,1.5033,1.9908,143046345
1092,2020-02-10 14:30:00+00:00,234.64,1.358662,1.5346229999999998,2.0131200000000002,122359872
1093,2020-02-18 14:30:00+00:00,230.27,1.2790700000000002,1.472084,1.88378,155414333
1094,2020-02-24 14:30:00+00:00,205.8,0.8894040000000001,1.15596,1.673466,533735221
1095,2020-03-02 14:30:00+00:00,208.02,0.6093,0.6569,1.2885,486507550
1096,2020-03-09 13:30:00+00:00,192.34,0.306,0.3598,0.8268,578894681
1097,2020-03-16 13:30:00+00:00,170.7,0.4648,0.6309,1.2477,567348186
1098,2020-03-23 13:30:00+00:00,185.3,0.3405,0.649,1.2314,447009015
1099,2020-03-30 13:30:00+00:00,183.37,0.3201,0.5497,1.1779,269684545
1100,2020-04-06 13:30:00+00:00,200.86,0.3843,0.6004,1.2151,248932364
1101,2020-04-13 13:30:00+00:00,215.29,0.3107,0.5852,1.1803,281370049
1102,2020-04-20 13:30:00+00:00,213.84,0.2975,0.5107,1.1227,228952578
1103,2020-04-27 13:30:00+00:00,212.74,0.3182,0.5786,1.1686,224185364
1104,2020-05-04 13:30:00+00:00,224.86,0.2665,0.593,1.2268,177668565
1105,2020-05-11 13:30:00+00:00,223.27,0.2772,0.5891,1.2721,249586012
1106,2020-05-18 13:30:00+00:00,229.66,0.2915,0.6295,1.3189,188657151
1107,2020-05-26 13:30:00+00:00,233.36,0.2957,0.642,1.364,182607985
1108,2020-06-01 13:30:00+00:00,239.69,0.2964,0.6351,1.3940000000000001,182833907
1109,2020-06-08 13:30:00+00:00,235.88,0.2952,0.6506,1.3959,271022198
1110,2020-06-15 13:30:00+00:00,244.24,0.2998,0.6539,1.3861,208947494
1111,2020-06-22 13:30:00+00:00,240.22,0.2895,0.6328,1.3698,192633787
1112,2020-06-29 13:30:00+00:00,252.19,0.2618,0.6189,1.3562,139932729
1113,2020-07-06 13:30:00+00:00,263.97,0.2513,0.5714,1.2484,174791717
1114,2020-07-13 13:30:00+00:00,259.42,0.259,0.5987,1.2797,273594453
1115,2020-07-20 13:30:00+00:00,255.56,0.2506,0.5581,1.2071,219336688
1116,2020-07-27 13:30:00+00:00,265.79,0.2075,0.5221,1.1757,190835630
1117,2020-08-03 13:30:00+00:00,271.47,0.1886,0.5044,1.1667,151696353
1118,2020-08-10 13:30:00+00:00,272.16,0.2097,0.5452,1.2178,179782179
1119,2020-08-17 13:30:00+00:00,281.87,0.2516,0.6234,1.3414,142804136
1120,2020-08-24 13:30:00+00:00,292.53,0.2579,0.6201,1.3262,191005546
1121,2020-08-31 13:30:00+00:00,283.58,0.2264,0.6039,1.3205,357595828
1122,2020-09-08 13:30:00+00:00,270.45,0.2484,0.6592,1.3859,305882993
1123,2020-09-14 13:30:00+00:00,266.87,0.2468,0.6462,1.3929,290632707
1124,2020-09-21 13:30:00+00:00,271.56,0.2532,0.6478,1.3897,273008806
1125,2020-09-28 13:30:00+00:00,274.31,0.2453,0.6397,1.3981,260515623
1126,2020-10-05 13:30:00+00:00,285.71,0.2626,0.6611,1.4448,161072911
1127,2020-10-12 13:30:00+00:00,288.51,0.2865,0.6925,1.4572,263876794
1128,2020-10-19 13:30:00+00:00,284.74,0.3074,0.7274,1.5068,155112956
1129,2020-10-26 13:30:00+00:00,269.38,0.3124,0.7459,1.5289,231575935
1130,2020-11-02 14:30:00+00:00,294.61,0.3069,0.7195,1.483,252333710
1131,2020-11-09 14:30:00+00:00,290.93,0.3436,0.7966,1.5708,251062288
1132,2020-11-16 14:30:00+00:00,290.38,0.3697,0.8195,1.5157,128707173
1133,2020-11-23 14:30:00+00:00,299.01,0.3655,0.8243,1.5221,91882320
1134,2020-11-30 14:30:00+00:00,305.52,0.3561,0.8308,1.5621,121259683
1135,2020-12-07 14:30:00+00:00,307.35,0.3718,0.8948,1.6435,48154120
