,date,close,"US05Y, TVC: High","US10Y, TVC: High","US30Y, TVC: High",Volume
0,1999-03-08 14:30:00+00:00,50.0625,5.19899988,5.26900005,5.58900023,23664406
1,1999-03-15 14:30:00+00:00,51.21875,5.06799984,5.18100023,5.51999998,27248600
2,1999-03-22 14:30:00+00:00,51.75,5.12099981,5.21600008,5.58699989,40824202
3,1999-03-29 14:30:00+00:00,53.5625,5.13700008,5.27600002,5.67799997,27026798
4,1999-04-05 13:30:00+00:00,55.8125,5.04199982,5.1869998,5.59100008,38042402
5,1999-04-12 13:30:00+00:00,51.96875,5.05800009,5.21899986,5.52899981,77074602
6,1999-04-19 13:30:00+00:00,55.3125,5.14099979,5.25,5.60500002,68509604
7,1999-04-26 13:30:00+00:00,53.71875,5.1420002,5.3499999,5.58300018,64024004
8,1999-05-03 13:30:00+00:00,52.96875,5.35599995,5.53999996,5.78999996,70784592
9,1999-05-10 13:30:00+00:00,53.40625,5.41099977,5.62799978,5.83699989,53981796
10,1999-05-17 13:30:00+00:00,52.875,5.5619998,5.66099977,5.88999987,43628994
11,1999-05-24 13:30:00+00:00,52.03125,5.59200001,5.62799978,5.85400009,90417592
12,1999-05-31 13:30:00+00:00,52.5625,5.73400021,5.80900002,5.95800018,43091802
13,1999-06-07 13:30:00+00:00,51.78125,5.84000015,6.03700018,6.04699993,53970994
14,1999-06-14 13:30:00+00:00,55.0625,5.87900019,5.98099995,6.11499977,60015800
15,1999-06-21 13:30:00+00:00,54.6875,5.91200018,6.03800011,6.16099977,54659398
16,1999-06-28 13:30:00+00:00,58.75,5.82999992,5.94700003,6.09499979,46258800
17,1999-07-05 13:30:00+00:00,59.84375,5.75600004,5.88800001,6.05000019,34730996
18,1999-07-12 13:30:00+00:00,61.375,5.62900019,5.73400021,5.92000008,32409200
19,1999-07-19 13:30:00+00:00,57.28125,5.63800001,5.84200001,5.97200012,59914194
20,1999-07-26 13:30:00+00:00,56.59375,5.76900005,5.90199995,6.0710001,58595786
21,1999-08-02 13:30:00+00:00,55.328125,5.84000015,6.03800011,6.16499996,66962408
22,1999-08-09 13:30:00+00:00,57.65625,6.03599977,6.16200018,6.27699995,64909604
23,1999-08-16 13:30:00+00:00,57.96875,5.86100006,5.96600008,6.08599997,46992796
24,1999-08-23 13:30:00+00:00,59.875,5.79500008,5.89099979,5.9829998,54283796
25,1999-08-30 13:30:00+00:00,62.65625,5.88100004,6.007999900000001,6.12699986,64262602
26,1999-09-06 13:30:00+00:00,63.125,5.83599997,5.96600008,6.09000015,46241000
27,1999-09-13 13:30:00+00:00,63.3125,5.83599997,5.96099997,6.11999989,63236800
28,1999-09-20 13:30:00+00:00,60.078125,5.8130002,5.93599987,6.09899998,74231588
29,1999-09-27 13:30:00+00:00,60.210935,5.83400011,5.97300005,6.12400007,85999398
30,1999-10-04 13:30:00+00:00,63.75781,5.96799994,6.04099989,6.18400002,95595612
31,1999-10-11 13:30:00+00:00,59.875,6.07299995,6.17000008,6.32800007,111602804
32,1999-10-18 13:30:00+00:00,61.96875,6.09600019,6.1960001,6.35400009,112902592
33,1999-10-25 13:30:00+00:00,65.75,6.1500001,6.23500013,6.38100004,75724796
34,1999-11-01 14:30:00+00:00,68.1875,5.9749999,6.05000019,6.18400002,76452398
35,1999-11-08 14:30:00+00:00,72.1875,5.91200018,5.98600006,6.09200001,89229592
36,1999-11-15 14:30:00+00:00,75.78125,5.98500013,6.06699991,6.16800022,87397592
37,1999-11-22 14:30:00+00:00,77.6875,6.02899981,6.11899996,6.20800018,69552200
38,1999-11-29 14:30:00+00:00,79.125,6.15600014,6.2329998,6.31899977,106062602
39,1999-12-06 14:30:00+00:00,79.5,6.05900002,6.14099979,6.23799992,107850398
40,1999-12-13 14:30:00+00:00,83.78125,6.19500017,6.3039999,6.39099979,126875806
41,1999-12-20 14:30:00+00:00,89.65625,6.32499981,6.421,6.48999977,81250398
42,1999-12-27 14:30:00+00:00,91.375,6.32600021,6.43499994,6.4749999,87480796
43,2000-01-03 14:30:00+00:00,88.5,6.51100016,6.59899998,6.62099981,177778006
44,2000-01-10 14:30:00+00:00,92.6875,6.60699987,6.70100021,6.71600008,138293214
45,2000-01-18 14:30:00+00:00,96.25,6.66499996,6.78999996,6.75,80396408
46,2000-01-24 14:30:00+00:00,85.75,6.67500019,6.69899988,6.64900017,150744406
47,2000-01-31 14:30:00+00:00,96.90625,6.68499994,6.66200018,6.48799992,145812804
48,2000-02-07 14:30:00+00:00,99.0,6.76800013,6.67299986,6.42700005,118254204
49,2000-02-14 14:30:00+00:00,98.8125,6.73899984,6.55999994,6.26499987,134040592
50,2000-02-22 14:30:00+00:00,104.1875,6.63000011,6.42199993,6.13700008,150872806
51,2000-02-28 14:30:00+00:00,109.523435,6.59299994,6.41800022,6.18900013,151411206
52,2000-03-06 14:30:00+00:00,114.6875,6.61899996,6.41300011,6.16200018,166009970
53,2000-03-13 14:30:00+00:00,110.8125,6.57399988,6.36999989,6.16900015,214549820
54,2000-03-20 14:30:00+00:00,117.875,6.45599985,6.19199991,6.00299978,120219184
55,2000-03-27 14:30:00+00:00,109.5,6.49800014,6.1869998,5.97700024,130944183
56,2000-04-03 13:30:00+00:00,106.0,6.26800013,5.96500015,5.8119998,185878032
57,2000-04-10 13:30:00+00:00,79.75,6.23400021,5.94700003,5.81400013,203469904
58,2000-04-17 13:30:00+00:00,86.875,6.27400017,6.04799986,5.92799997,140968704
59,2000-04-24 13:30:00+00:00,94.5,6.51599979,6.22700024,5.98500013,147399200
60,2000-05-01 13:30:00+00:00,91.5,6.69199991,6.51100016,6.15700006,108413792
61,2000-05-08 13:30:00+00:00,84.6875,6.82700014,6.56799984,6.24800014,111050110
62,2000-05-15 13:30:00+00:00,81.6875,6.78000021,6.54199982,6.23000002,109349392
63,2000-05-22 13:30:00+00:00,77.6875,6.70599985,6.47900009,6.19799995,173084400
64,2000-05-30 13:30:00+00:00,93.25,6.62900019,6.38000011,6.09499979,121775712
65,2000-06-05 13:30:00+00:00,93.5625,6.37300014,6.15199995,5.91900015,105822320
66,2000-06-12 13:30:00+00:00,94.17187,6.31899977,6.11299992,5.94500017,101535285
67,2000-06-19 13:30:00+00:00,91.64062,6.31500006,6.18499994,5.96600008,107911408
68,2000-06-26 13:30:00+00:00,93.1875,6.29199982,6.10599995,5.98199987,92372414
69,2000-07-03 13:30:00+00:00,95.40625,6.17000008,6.05000019,5.90999985,61201600
70,2000-07-10 13:30:00+00:00,100.625,6.18499994,6.10099983,5.88700008,81669692
71,2000-07-17 13:30:00+00:00,97.3125,6.3039999,6.16499996,5.91699982,88301392
72,2000-07-24 13:30:00+00:00,86.8125,6.17000008,6.03599977,5.81599998,119800112
73,2000-07-31 13:30:00+00:00,90.0,6.15500021,6.03999996,5.78299999,124299386
74,2000-08-07 13:30:00+00:00,90.875,6.06500006,5.96299982,5.75699997,83976612
75,2000-08-14 13:30:00+00:00,95.14062,6.14499998,5.83799982,5.74399996,70685898
76,2000-08-21 13:30:00+00:00,98.375,6.0999999,5.78700018,5.71700001,74859507
77,2000-08-28 13:30:00+00:00,102.5,6.06899977,5.81400013,5.75099993,63397199
78,2000-09-05 13:30:00+00:00,94.875,5.95900011,5.75400019,5.71500015,76607306
79,2000-09-11 13:30:00+00:00,91.375,5.98400021,5.83699989,5.81799984,137741296
80,2000-09-18 13:30:00+00:00,92.9375,5.97200012,5.90500021,5.95800018,147265408
81,2000-09-25 13:30:00+00:00,88.6875,5.93499994,5.84800005,5.90100002,130066016
82,2000-10-02 13:30:00+00:00,83.0,5.91499996,5.89499998,5.94299984,158147904
83,2000-10-09 13:30:00+00:00,81.25,5.85900021,5.8210001,5.8499999,208200592
84,2000-10-16 13:30:00+00:00,86.3125,5.74399996,5.73600006,5.80700016,227621600
85,2000-10-23 13:30:00+00:00,79.71875,5.76100016,5.72800016,5.74800014,230119104
86,2000-10-30 14:30:00+00:00,83.0625,5.83300018,5.82700014,5.78900003,180972096
87,2000-11-06 14:30:00+00:00,71.75,5.90199995,5.867000099999999,5.89499998,202328608
88,2000-11-13 14:30:00+00:00,72.82812,5.71400023,5.76999998,5.84100008,241399904
89,2000-11-20 14:30:00+00:00,70.4375,5.6500001,5.67299986,5.75600004,165583184
90,2000-11-27 14:30:00+00:00,64.0,5.61399984,5.62599993,5.69899988,282372768
91,2000-12-04 14:30:00+00:00,68.0,5.4749999,5.55499983,5.69399977,296251776
92,2000-12-11 14:30:00+00:00,63.875,5.33300018,5.36199999,5.54400015,235064800
93,2000-12-18 14:30:00+00:00,60.5,5.13100004,5.19199991,5.47900009,347735680
94,2000-12-26 14:30:00+00:00,58.375,5.01499987,5.12400007,5.454,151218304
95,2001-01-02 14:30:00+00:00,56.625,4.97599983,5.15399981,5.49499989,307969056
96,2001-01-08 14:30:00+00:00,62.73437,4.83400011,5.25500011,5.53999996,309281008
97,2001-01-16 14:30:00+00:00,66.3125,4.93200016,5.23400021,5.59899998,204669696
98,2001-01-22 14:30:00+00:00,65.54687,4.954,5.30700016,5.65999985,242223200
99,2001-01-29 14:30:00+00:00,61.55,4.96299982,5.31500006,5.69099998,226240416
100,2001-02-05 14:30:00+00:00,56.39999,4.91900015,5.21299982,5.53599977,243915728
101,2001-02-12 14:30:00+00:00,55.13,5.02699995,5.17199993,5.49100018,307012704
102,2001-02-20 14:30:00+00:00,51.179990000000004,4.91699982,5.15799999,5.52699995,324794144
103,2001-02-26 14:30:00+00:00,46.7,4.77299976,5.03999996,5.43499994,444901552
104,2001-03-05 14:30:00+00:00,45.10001,4.74800014,4.97800016,5.37900019,288786208
105,2001-03-12 14:30:00+00:00,41.10001,4.6960001,4.93499994,5.33300018,409704880
106,2001-03-19 14:30:00+00:00,42.8,4.546,4.8130002,5.29099989,479766832
107,2001-03-26 14:30:00+00:00,39.14999,4.6960001,5.00899982,5.49900007,348842208
108,2001-04-02 13:30:00+00:00,36.3,4.6079998,4.97700024,5.53200006,408197136
109,2001-04-09 13:30:00+00:00,42.8,4.70100021,5.17700005,5.62400007,318092256
110,2001-04-16 13:30:00+00:00,48.39999,4.85400009,5.30000019,5.78999996,479001456
111,2001-04-23 13:30:00+00:00,45.14999,4.78399992,5.32399988,5.77299976,364154816
112,2001-04-30 13:30:00+00:00,48.2,4.88800001,5.33599997,5.78599977,345673088
113,2001-05-07 13:30:00+00:00,45.55,4.86299992,5.44299984,5.76000023,273303600
114,2001-05-14 13:30:00+00:00,48.03999,4.98600006,5.49499989,5.89499998,307015088
115,2001-05-21 13:30:00+00:00,48.99001,5.04099989,5.50199986,5.84299994,326186176
116,2001-05-29 13:30:00+00:00,46.05,5.05299997,5.52199984,5.86000013,277837296
117,2001-06-04 13:30:00+00:00,47.35001,4.92299986,5.367000099999999,5.72399998,292730112
118,2001-06-11 13:30:00+00:00,42.60001,4.84399986,5.28900003,5.69199991,371450528
119,2001-06-18 13:30:00+00:00,43.25,4.71799994,5.26000023,5.70200014,339450496
120,2001-06-25 13:30:00+00:00,45.7,4.90999985,5.40399981,5.68100023,297291920
121,2001-07-02 13:30:00+00:00,41.64999,4.89400005,5.40399981,5.74100018,173435312
122,2001-07-09 13:30:00+00:00,43.14999,4.82299995,5.33300018,5.69000006,314331408
123,2001-07-16 13:30:00+00:00,41.64999,4.74800014,5.20900011,5.60300016,303360096
124,2001-07-23 13:30:00+00:00,41.95,4.72599983,5.1880002,5.59600019,311219440
125,2001-07-30 13:30:00+00:00,43.179990000000004,4.64599991,5.16400003,5.579,253691600
126,2001-08-06 13:30:00+00:00,40.28,4.65999985,5.17199993,5.59899998,280821584
127,2001-08-13 13:30:00+00:00,37.75999,4.54199982,5.00400019,5.51599979,283214800
128,2001-08-20 13:30:00+00:00,39.3,4.49399996,4.92799997,5.45699978,284597488
129,2001-08-27 13:30:00+00:00,36.63,4.48699999,4.92799997,5.46099997,305616288
130,2001-09-04 13:30:00+00:00,33.7,4.53000021,4.96299982,5.48600006,353630944
131,2001-09-10 13:30:00+00:00,34.10001,4.32600021,4.84200001,5.4380002,80367872
132,2001-09-17 13:30:00+00:00,28.19,3.93300009,4.74599981,5.62799978,483754448
133,2001-09-24 13:30:00+00:00,28.98,3.86299992,4.71999979,5.57600021,384105216
134,2001-10-01 13:30:00+00:00,31.759990000000002,3.78399992,4.54199982,5.375,487780528
135,2001-10-08 13:30:00+00:00,34.55,3.89299989,4.67500019,5.40799999,428289712
136,2001-10-15 13:30:00+00:00,33.55,3.81299996,4.61999989,5.36999989,468692240
137,2001-10-22 13:30:00+00:00,36.00999,3.85599995,4.64900017,5.38999987,480660896
138,2001-10-29 14:30:00+00:00,35.60001,3.68300009,4.48600006,5.26499987,451961680
139,2001-11-05 14:30:00+00:00,37.73,3.59599996,4.31099987,4.86499977,444004064
140,2001-11-12 14:30:00+00:00,39.37,4.11299992,4.84800005,5.23799992,449898912
141,2001-11-19 14:30:00+00:00,39.28,4.1869998,5.01100016,5.3210001,242259536
142,2001-11-26 14:30:00+00:00,39.64999,4.41200018,5.01599979,5.375,426879760
143,2001-12-03 14:30:00+00:00,41.73,4.36199999,5.16499996,5.46099997,414825968
144,2001-12-10 14:30:00+00:00,40.11,4.39400005,5.19000006,5.56099987,360787568
145,2001-12-17 14:30:00+00:00,39.48,4.48099995,5.18400002,5.55499983,332119408
146,2001-12-24 14:30:00+00:00,40.33,4.54099989,5.19999981,5.53700018,123846606
147,2001-12-31 14:30:00+00:00,41.67,4.48199987,5.15999985,5.55800009,280508496
148,2002-01-07 14:30:00+00:00,40.85001,4.43200016,5.08300018,5.52899981,363485504
149,2002-01-14 14:30:00+00:00,38.59,4.15500021,4.93100023,5.40299988,385943088
150,2002-01-22 14:30:00+00:00,38.83,4.34600019,5.06899977,5.46999979,292766640
151,2002-01-28 14:30:00+00:00,38.14,4.44099998,5.07499981,5.46999979,363341712
152,2002-02-04 14:30:00+00:00,36.17,4.29699993,4.92700005,5.41099977,446293504
153,2002-02-11 14:30:00+00:00,35.78,4.32200003,4.992000099999999,5.45499992,327390416
154,2002-02-19 14:30:00+00:00,33.64999,4.21999979,4.89099979,5.38999987,388059312
155,2002-02-25 14:30:00+00:00,35.74001,4.25099993,4.98400021,5.42600012,460526448
156,2002-03-04 14:30:00+00:00,38.67,4.57200003,5.32499981,5.66099977,453942080
157,2002-03-11 14:30:00+00:00,37.23,4.76300001,5.40999985,5.83699989,359802496
158,2002-03-18 14:30:00+00:00,36.679990000000004,4.80999994,5.40600014,5.82499981,350943328
159,2002-03-25 14:30:00+00:00,36.06,4.84499979,5.40700006,5.80299997,304003088
160,2002-04-01 14:30:00+00:00,34.37,4.8579998,5.42600012,5.83199978,393232304
161,2002-04-08 13:30:00+00:00,33.52,4.63999987,5.26300001,5.71600008,410674064
162,2002-04-15 13:30:00+00:00,34.46001,4.5619998,5.23199987,5.73099995,364103264
163,2002-04-22 13:30:00+00:00,31.039990000000003,4.51000023,5.17799997,5.67600012,409988352
164,2002-04-29 13:30:00+00:00,29.740009999999998,4.44399977,5.11999989,5.62799978,468712352
165,2002-05-06 13:30:00+00:00,29.56,4.53700018,5.21899986,5.67299986,547402736
166,2002-05-13 13:30:00+00:00,32.929990000000004,4.63700008,5.28000021,5.74900007,579019296
167,2002-05-20 13:30:00+00:00,31.240009999999998,4.59399986,5.19899988,5.69899988,422200448
168,2002-05-28 13:30:00+00:00,30.039990000000003,4.45300007,5.13000011,5.66699982,314315296
169,2002-06-03 13:30:00+00:00,28.3,4.35699987,5.06500006,5.65999985,470081312
170,2002-06-10 13:30:00+00:00,27.62,4.32499981,5.03100014,5.60900021,530447680
171,2002-06-17 13:30:00+00:00,25.82001,4.11499977,4.84700012,5.46500015,483096672
172,2002-06-24 13:30:00+00:00,26.10001,4.10699987,4.82999992,5.51599979,634684320
173,2002-07-01 13:30:00+00:00,26.34,4.04099989,4.86199999,5.48099995,334240832
174,2002-07-08 13:30:00+00:00,24.8,4.08699989,4.79799986,5.48000002,603944528
175,2002-07-15 13:30:00+00:00,23.99001,3.87599993,4.68599987,5.454,685497264
176,2002-07-22 13:30:00+00:00,22.67,3.65300012,4.45900011,5.34499979,737279248
177,2002-07-29 13:30:00+00:00,22.25,3.61400008,4.58799982,5.421,479823552
178,2002-08-05 13:30:00+00:00,23.33,3.35299993,4.39699984,5.2329998,531195792
179,2002-08-12 13:30:00+00:00,24.7,3.29200006,4.32700014,5.06899977,470019760
180,2002-08-19 13:30:00+00:00,25.14999,3.42199993,4.32000017,5.09499979,422946624
181,2002-08-26 13:30:00+00:00,23.49001,3.34699988,4.27799988,5.0630002,447957664
182,2002-09-03 13:30:00+00:00,22.85001,3.19499993,4.01499987,4.8130002,342887376
183,2002-09-09 13:30:00+00:00,22.99001,3.15300012,4.06099987,4.88199997,371641072
184,2002-09-16 13:30:00+00:00,21.67,3.03600001,3.91300011,4.76300001,404799424
185,2002-09-23 13:30:00+00:00,21.31,2.82299995,3.77399993,4.72900009,459006752
186,2002-09-30 13:30:00+00:00,20.35001,2.7249999,3.71700001,4.75,444721696
187,2002-10-07 13:30:00+00:00,22.22,2.69000006,3.8039998999999995,4.71700001,511662080
188,2002-10-14 13:30:00+00:00,23.81,3.22199988,4.20200014,5.11600018,475578320
189,2002-10-21 13:30:00+00:00,24.62,3.2420001,4.26100016,5.16599989,424960064
190,2002-10-28 14:30:00+00:00,25.25,3.02699995,4.08900023,5.10599995,452349248
191,2002-11-04 14:30:00+00:00,25.07001,3.00699997,4.07299995,5.07999992,466707008
192,2002-11-11 14:30:00+00:00,26.44,3.02699995,4.0619998,4.95499992,438373760
193,2002-11-18 14:30:00+00:00,27.72,3.21099997,4.18300009,5.02699995,420195200
194,2002-11-25 14:30:00+00:00,27.72,3.31599998,4.25699997,5.03000021,261103552
195,2002-12-02 14:30:00+00:00,26.47,3.30800009,4.23099995,5.04799986,459995120
196,2002-12-09 14:30:00+00:00,25.03999,3.09500003,4.0710001,4.93400002,344950736
197,2002-12-16 14:30:00+00:00,25.32001,3.12700009,4.15999985,5.02400017,352477920
198,2002-12-23 14:30:00+00:00,24.82001,2.91899991,3.9690001000000006,4.89900017,139134318
199,2002-12-30 14:30:00+00:00,25.67999,2.97900009,4.03100014,4.93400002,208883120
200,2003-01-06 14:30:00+00:00,27.100009999999997,3.16799998,4.17399979,5.05200005,389300192
201,2003-01-13 14:30:00+00:00,25.31,3.12400007,4.12300014,5.04799986,322817712
202,2003-01-21 14:30:00+00:00,24.82001,2.9749999,3.97300005,4.92299986,302233328
203,2003-01-27 14:30:00+00:00,24.44,2.9920001,4.02299976,4.90899992,398740976
204,2003-02-03 14:30:00+00:00,23.81,2.98900008,4.00199986,4.84600019,378800320
205,2003-02-10 14:30:00+00:00,24.49001,2.94400001,3.97000003,4.86199999,342750640
206,2003-02-18 14:30:00+00:00,25.17,2.92000008,3.95099998,4.88700008,249932880
207,2003-02-24 14:30:00+00:00,25.16,2.84800005,3.8499999,4.84899998,308602464
208,2003-03-03 14:30:00+00:00,24.53999,2.68799996,3.67499995,4.69099998,318619424
209,2003-03-10 14:30:00+00:00,25.72,2.727,3.75,4.70900011,407269680
210,2003-03-17 14:30:00+00:00,27.17,2.97900009,4.1079998,4.93300009,516256176
211,2003-03-24 14:30:00+00:00,26.08,3.0789999999999997,3.9690001000000006,5.03700018,341713584
212,2003-03-31 14:30:00+00:00,26.05,2.84100008,3.95499992,4.93200016,375655888
213,2003-04-07 13:30:00+00:00,25.50999,2.89299989,3.98000002,5.0,339932688
214,2003-04-14 13:30:00+00:00,26.820009999999996,2.97399998,4.01599979,4.98199987,259066096
215,2003-04-21 13:30:00+00:00,26.95,2.99900007,3.98699999,4.90500021,330100848
216,2003-04-28 13:30:00+00:00,28.28,2.86599994,3.93099999,4.84100008,351568624
217,2003-05-05 13:30:00+00:00,28.41,2.83500004,3.88800001,4.83500004,367585552
218,2003-05-12 13:30:00+00:00,28.7,2.61800003,3.63899994,4.67299986,328144400
219,2003-05-19 13:30:00+00:00,28.100009999999997,2.40400004,3.48799992,4.45100021,328297760
220,2003-05-27 13:30:00+00:00,29.789990000000003,2.35700011,3.42600012,4.40799999,353767520
221,2003-06-02 13:30:00+00:00,30.13,2.329,3.41199994,4.42600012,519088944
222,2003-06-09 13:30:00+00:00,29.960009999999997,2.27200007,3.27900004,4.39900017,415228624
223,2003-06-16 13:30:00+00:00,30.38,2.28600001,3.3670001000000003,4.40700006,370667264
224,2003-06-23 13:30:00+00:00,29.83,2.44000006,3.54699993,4.53499985,425804928
225,2003-06-30 13:30:00+00:00,30.58,2.46700001,3.65499997,4.58900023,310046992
226,2003-07-07 13:30:00+00:00,31.84,2.58200002,3.73600006,4.73400021,431852368
227,2003-07-14 13:30:00+00:00,31.28,2.82299995,4.00199986,4.92000008,433466768
228,2003-07-21 13:30:00+00:00,31.8,3.01900005,4.21000004,5.09299994,439403136
229,2003-07-28 13:30:00+00:00,31.460009999999997,3.27099991,4.44099998,5.33799982,352743696
230,2003-08-04 13:30:00+00:00,30.070009999999996,3.27600002,4.4000001,5.34600019,438529072
231,2003-08-11 13:30:00+00:00,31.17,3.40899992,4.55999994,5.43499994,260901392
232,2003-08-18 13:30:00+00:00,32.44,3.45099998,4.48000002,5.39499998,364311984
233,2003-08-25 13:30:00+00:00,33.39,3.56800008,4.53999996,5.31400013,278819024
234,2003-09-02 13:30:00+00:00,33.94,3.625,4.61000013,5.36000013,320712112
235,2003-09-08 13:30:00+00:00,33.820009999999996,3.33999991,4.42999983,5.23699999,471073200
236,2003-09-15 13:30:00+00:00,34.58,3.14199996,4.28000021,5.20499992,383523376
237,2003-09-22 13:30:00+00:00,32.58,3.12400007,4.21000004,5.12900019,515609616
238,2003-09-29 13:30:00+00:00,34.19,2.88100004,4.19999981,4.921,520006880
239,2003-10-06 13:30:00+00:00,35.00999,3.10599995,4.29400015,5.1500001,387526336
240,2003-10-13 13:30:00+00:00,34.61,3.24499989,4.46199989,5.24499989,395087264
241,2003-10-20 13:30:00+00:00,34.2,3.28699994,4.38700008,5.20100021,441172432
242,2003-10-27 14:30:00+00:00,35.179990000000004,3.17600012,4.34800005,5.11299992,395901184
243,2003-11-03 14:30:00+00:00,35.63,3.30599999,4.44099998,5.16800022,353915696
244,2003-11-10 14:30:00+00:00,35.03999,3.45099998,4.44399977,5.23199987,381409056
245,2003-11-17 14:30:00+00:00,34.23199,3.1170001,4.23899984,5.00899982,502881360
246,2003-11-24 14:30:00+00:00,35.38,3.16100001,4.33400011,5.01100016,262438240
247,2003-12-01 14:30:00+00:00,35.03999,3.40199995,4.40299988,5.14900017,445796032
248,2003-12-08 14:30:00+00:00,35.24001,3.28399992,4.35400009,5.125,481340176
249,2003-12-15 14:30:00+00:00,35.46001,3.19000006,4.25899982,5.06599998,444500496
250,2003-12-22 14:30:00+00:00,35.85001,3.17400002,4.26100016,4.97800016,200999104
251,2003-12-29 14:30:00+00:00,36.36,3.21600008,4.37400007,5.04300022,227416608
252,2004-01-05 14:30:00+00:00,37.73,3.33100009,4.38000011,5.16300011,374256432
253,2004-01-12 14:30:00+00:00,38.570009999999996,2.98600006,4.09000015,4.97599983,421682752
254,2004-01-20 14:30:00+00:00,38.00999,3.00999999,4.09000015,4.90299988,374084000
255,2004-01-26 14:30:00+00:00,37.070009999999996,3.18899989,4.19199991,5.00299978,538470144
256,2004-02-02 14:30:00+00:00,37.131,3.18400002,4.16900015,4.98500013,482540384
257,2004-02-09 14:30:00+00:00,36.94,3.11999989,4.11600018,4.95300007,377789360
258,2004-02-17 14:30:00+00:00,36.86,3.02200007,4.10599995,4.91400003,374140064
259,2004-02-23 14:30:00+00:00,36.570009999999996,3.00500011,4.03999996,4.90399981,495298880
260,2004-03-01 14:30:00+00:00,36.63,3.0150001,4.05600023,4.90199995,439573520
261,2004-03-08 14:30:00+00:00,35.50999,2.70499992,3.78699994,4.70300007,644170192
262,2004-03-15 14:30:00+00:00,34.75,2.73300004,3.773,4.70900011,543068128
263,2004-03-22 14:30:00+00:00,35.22,2.68199992,3.83699989,4.66699982,600237392
264,2004-03-29 14:30:00+00:00,37.10001,2.80699992,4.14499998,4.78800011,524930624
265,2004-04-05 13:30:00+00:00,36.94,3.14400005,4.21600008,5.00099993,334425424
266,2004-04-12 13:30:00+00:00,36.09,3.42000008,4.4000001,5.16099977,504432176
267,2004-04-19 13:30:00+00:00,37.21001,3.53699994,4.46799994,5.26100016,554672016
268,2004-04-26 13:30:00+00:00,34.77,3.56399989,4.53999996,5.23899984,581799072
269,2004-05-03 13:30:00+00:00,34.97,3.7039999999999997,4.7750001,5.36999989,581287120
270,2004-05-10 13:30:00+00:00,34.75,3.90400004,4.86399984,5.51800013,747624016
271,2004-05-17 13:30:00+00:00,35.019,3.85700011,4.77600002,5.45800018,595685744
272,2004-05-24 13:30:00+00:00,36.55,3.88499999,4.73400021,5.43499994,507027168
273,2004-06-01 13:30:00+00:00,36.19,3.91000009,4.77400017,5.4289999,383203808
274,2004-06-07 13:30:00+00:00,36.84,3.93300009,4.80800009,5.454,335638688
275,2004-06-14 13:30:00+00:00,36.44,4.09600019,4.87599993,5.53200006,399378864
276,2004-06-21 13:30:00+00:00,37.33,3.90400004,4.72100019,5.375,435818864
277,2004-06-28 13:30:00+00:00,36.820009999999996,3.76799989,4.73699999,5.36199999,456752304
278,2004-07-06 13:30:00+00:00,35.75,3.71199989,4.47800016,5.21099997,421527200
279,2004-07-12 13:30:00+00:00,34.67,3.70000005,4.48600006,5.19899988,494346992
280,2004-07-19 13:30:00+00:00,34.21001,3.70600009,4.46999979,5.20200014,602629504
281,2004-07-26 13:30:00+00:00,34.89,3.8440001000000006,4.61899996,5.3210001,553765872
282,2004-08-02 13:30:00+00:00,32.72,3.66499996,4.45300007,5.19399977,512876496
283,2004-08-09 13:30:00+00:00,32.52,3.50300002,4.29099989,5.07299995,511766992
284,2004-08-16 13:30:00+00:00,34.00999,3.45000005,4.29099989,5.05200005,474367376
285,2004-08-23 13:30:00+00:00,34.56,3.41199994,4.27899981,5.07700014,375298544
286,2004-08-30 13:30:00+00:00,34.141009999999994,3.50099993,4.28900003,4.97800016,414080832
287,2004-09-07 13:30:00+00:00,35.12,3.50600004,4.23999977,5.01000023,411545824
288,2004-09-13 13:30:00+00:00,35.429990000000004,3.38199997,4.16599989,4.93300009,428106944
289,2004-09-20 13:30:00+00:00,34.799,3.26399994,4.05999994,4.86299992,502463200
290,2004-09-27 13:30:00+00:00,36.10001,3.3210001000000005,4.18900013,4.84200001,462262688
291,2004-10-04 13:30:00+00:00,35.58,3.49499989,4.24599981,4.95699978,483926368
292,2004-10-11 13:30:00+00:00,35.63,3.39899993,4.13800001,4.90500021,511084048
293,2004-10-18 13:30:00+00:00,35.8,3.2960000000000003,4.04500008,4.83400011,585098576
294,2004-10-25 13:30:00+00:00,36.89999,3.30299997,4.08500004,4.8119998,565777744
295,2004-11-01 14:30:00+00:00,37.96001,3.30599999,4.17700005,4.80600023,552584672
296,2004-11-08 14:30:00+00:00,38.66,3.56399989,4.25099993,4.96500015,449426192
297,2004-11-15 14:30:00+00:00,38.679990000000004,3.52099991,4.20900011,4.89499998,519177680
298,2004-11-22 14:30:00+00:00,39.21001,3.54999995,4.23400021,4.82700014,277293824
299,2004-11-29 14:30:00+00:00,40.13,3.68600011,4.41599989,5.007999900000001,521508384
300,2004-12-06 14:30:00+00:00,39.929990000000004,3.57800007,4.22800016,4.88999987,509286240
301,2004-12-13 14:30:00+00:00,39.47501,3.51200008,4.20300007,4.78200006,450068048
302,2004-12-20 14:30:00+00:00,39.758,3.56399989,4.21799994,4.79799986,311284384
303,2004-12-27 14:30:00+00:00,39.91499,3.64700007,4.32399988,4.90700006,265881008
304,2005-01-03 14:30:00+00:00,38.55,3.73000002,4.29500008,4.89400005,593376128
305,2005-01-10 14:30:00+00:00,38.429990000000004,3.73399997,4.27299976,4.82299995,519641376
306,2005-01-18 14:30:00+00:00,37.05,3.71700001,4.19299984,4.68300009,433949008
307,2005-01-24 14:30:00+00:00,36.92,3.74300003,4.22800016,4.68499994,586925312
308,2005-01-31 14:30:00+00:00,37.75,3.75699997,4.16900015,4.59700012,458404480
309,2005-02-07 14:30:00+00:00,37.7,3.67000008,4.09200001,4.47599983,457486176
310,2005-02-14 14:30:00+00:00,37.35001,3.78399992,4.26399994,4.57700014,454595776
311,2005-02-22 14:30:00+00:00,37.62,3.9059998999999994,4.29099989,4.68599987,398040752
312,2005-02-28 14:30:00+00:00,37.52,4.01499987,4.382999900000001,4.742000099999999,460048752
313,2005-03-07 14:30:00+00:00,37.17,4.14599991,4.546,4.82700014,483508752
314,2005-03-14 14:30:00+00:00,36.50999,4.22399998,4.55100012,4.82499981,536263744
315,2005-03-21 14:30:00+00:00,36.27,4.29699993,4.64699984,4.89799976,382208624
316,2005-03-28 14:30:00+00:00,36.2,4.33699989,4.64400005,4.89099979,524931552
317,2005-04-04 13:30:00+00:00,36.64,4.13399982,4.48799992,4.80000019,429954800
318,2005-04-11 13:30:00+00:00,34.74001,4.11399984,4.4380002,4.72700024,654634112
319,2005-04-18 13:30:00+00:00,35.09,3.96300006,4.30200005,4.63899994,588833136
320,2005-04-25 13:30:00+00:00,34.98,3.96000004,4.27099991,4.56799984,536128864
321,2005-05-02 13:30:00+00:00,35.85699,3.87899995,4.26399994,4.59299994,420238448
322,2005-05-09 13:30:00+00:00,36.24001,3.99099994,4.28800011,4.62900019,525922688
323,2005-05-16 13:30:00+00:00,37.66,3.85400009,4.13500023,4.5,459699632
324,2005-05-23 13:30:00+00:00,38.21001,3.8210001000000005,4.09000015,4.43300009,404786128
325,2005-05-31 13:30:00+00:00,38.10001,3.73699999,3.98699999,4.32299995,359495440
326,2005-06-06 13:30:00+00:00,37.547,3.74399996,4.05499983,4.24599981,427398400
327,2005-06-13 13:30:00+00:00,37.87,3.8829998999999997,4.11299992,4.41800022,428887792
328,2005-06-20 13:30:00+00:00,36.97,3.898,4.1170001,4.39400005,506152752
329,2005-06-27 13:30:00+00:00,36.72501,3.76200008,4.05499983,4.26399994,361106608
330,2005-07-05 13:30:00+00:00,37.77,3.89599991,4.11100006,4.36600018,380306192
331,2005-07-11 13:30:00+00:00,38.89,3.97600007,4.18100023,4.41300011,426057392
332,2005-07-18 13:30:00+00:00,39.42,4.09200001,4.28200006,4.50600004,429297056
333,2005-07-25 13:30:00+00:00,39.575,4.09600019,4.28200006,4.46999979,347234224
334,2005-08-01 13:30:00+00:00,39.48,4.16599989,4.3920002,4.54699993,344902176
335,2005-08-08 13:30:00+00:00,39.21001,4.28200006,4.42600012,4.60300016,413829392
336,2005-08-15 13:30:00+00:00,38.820009999999996,4.16699982,4.28700018,4.48099995,358517936
337,2005-08-22 13:30:00+00:00,38.4599,4.079,4.21099997,4.42999983,362059584
338,2005-08-29 13:30:00+00:00,38.77,4.079,4.17399979,4.36100006,384116960
339,2005-09-06 13:30:00+00:00,39.619,3.94799995,4.14699984,4.43200016,284534640
340,2005-09-12 13:30:00+00:00,39.39999,3.99499989,4.27899981,4.50899982,368087744
341,2005-09-19 13:30:00+00:00,38.75,4.05700016,4.25299978,4.55100012,494669200
342,2005-09-26 13:30:00+00:00,39.46001,4.15799999,4.33199978,4.55900002,402533152
343,2005-10-03 13:30:00+00:00,38.34,4.25,4.39499998,4.62099981,526707136
344,2005-10-10 13:30:00+00:00,38.06,4.32200003,4.48099995,4.69700003,594989504
345,2005-10-17 13:30:00+00:00,38.55,4.36100006,4.49900007,4.71600008,527982432
346,2005-10-24 13:30:00+00:00,38.32201,4.46000004,4.58900023,4.79300022,519587744
347,2005-10-31 14:30:00+00:00,40.08,4.54899979,4.66300011,4.84499979,528618752
348,2005-11-07 14:30:00+00:00,40.71001,4.5710001,4.64499998,4.84299994,417555072
349,2005-11-14 14:30:00+00:00,41.45,4.54899979,4.61000013,4.80100012,402376832
350,2005-11-21 14:30:00+00:00,41.89,4.40600014,4.47800016,4.66900015,245581840
351,2005-11-28 14:30:00+00:00,42.10699,4.44999981,4.51900005,4.71999979,405048560
352,2005-12-05 14:30:00+00:00,41.715,4.49800014,4.57499981,4.76499987,395555248
353,2005-12-12 14:30:00+00:00,41.58,4.46500015,4.55299997,4.74800014,331484384
354,2005-12-19 14:30:00+00:00,41.403,4.42799997,4.49599981,4.67500019,311764960
355,2005-12-27 14:30:00+00:00,40.412,4.329,4.39499998,4.53499985,213345584
356,2006-01-03 14:30:00+00:00,42.679990000000004,4.3119998,4.382999900000001,4.55700016,390015328
357,2006-01-09 14:30:00+00:00,42.98,4.39599991,4.45800018,4.632999900000001,412988496
358,2006-01-17 14:30:00+00:00,41.25,4.3130002,4.37699986,4.55000019,500312432
359,2006-01-23 14:30:00+00:00,42.11,4.43400002,4.5250001,4.69299984,512846192
360,2006-01-30 14:30:00+00:00,40.92,4.50899982,4.5630002,4.71299982,459762784
361,2006-02-06 14:30:00+00:00,40.96001,4.55299997,4.59100008,4.67999983,416273168
362,2006-02-13 14:30:00+00:00,41.21001,4.60500002,4.61199999,4.59000015,443332128
363,2006-02-21 14:30:00+00:00,41.25999,4.617000099999999,4.57700014,4.53299999,299722224
364,2006-02-27 14:30:00+00:00,41.45,4.67000008,4.68400002,4.61800003,445538368
365,2006-03-06 14:30:00+00:00,40.56,4.757999900000001,4.76300001,4.73000002,533232960
366,2006-03-13 14:30:00+00:00,41.45,4.77099991,4.77299976,4.76300001,451396864
367,2006-03-20 14:30:00+00:00,41.3,4.73600006,4.73699999,4.75699997,466159552
368,2006-03-27 14:30:00+00:00,41.929990000000004,4.82999992,4.86100006,4.89900017,472707360
369,2006-04-03 13:30:00+00:00,42.320009999999996,4.84100008,4.98600006,4.97200012,470757760
370,2006-04-10 13:30:00+00:00,42.10001,4.91400003,5.05299997,5.05600023,272843760
371,2006-04-17 13:30:00+00:00,42.0,4.92799997,5.04699993,5.14300013,519146832
372,2006-04-24 13:30:00+00:00,41.85001,5.02099991,5.11100006,5.1869998,501789248
373,2006-05-01 13:30:00+00:00,42.16,5.03999996,5.16099977,5.24700022,422197552
374,2006-05-08 13:30:00+00:00,40.19,5.03999996,5.19999981,5.23699999,481082608
375,2006-05-15 13:30:00+00:00,39.35001,5.04400015,5.16099977,5.2750001,802270496
376,2006-05-22 13:30:00+00:00,39.49001,4.97399998,5.07600021,5.17299986,762113440
377,2006-05-30 13:30:00+00:00,39.641999999999996,5.03599977,5.12300014,5.22300005,491018944
378,2006-06-05 13:30:00+00:00,38.14999,4.96600008,5.02600002,5.10900021,786180688
379,2006-06-12 13:30:00+00:00,38.34,5.0710001,5.13500023,5.13700008,875408016
380,2006-06-19 13:30:00+00:00,38.14999,5.19500017,5.22800016,5.24700022,593801392
381,2006-06-26 13:30:00+00:00,38.77,5.23999977,5.25299978,5.28700018,550115792
382,2006-07-03 13:30:00+00:00,37.69,5.19000006,5.22700024,5.26999998,294036864
383,2006-07-10 13:30:00+00:00,35.94,5.09899998,5.13000011,5.17299986,745900320
384,2006-07-17 13:30:00+00:00,35.7,5.11199999,5.13600016,5.16900015,806373936
385,2006-07-24 13:30:00+00:00,37.11,5.0250001,5.06899977,5.12699986,539641760
386,2006-07-31 13:30:00+00:00,36.95,4.90700006,4.98799992,5.07000017,486869696
387,2006-08-07 13:30:00+00:00,36.53,4.87099981,4.9749999,5.07600021,529012384
388,2006-08-14 13:30:00+00:00,38.78999,4.94799995,4.99900007,5.11800003,606013312
389,2006-08-21 13:30:00+00:00,38.320009999999996,4.7750001,4.8210001,4.96099997,417462624
390,2006-08-28 13:30:00+00:00,39.08,4.76999998,4.79300022,4.93100023,391275856
391,2006-09-05 13:30:00+00:00,38.72,4.74599981,4.79899979,4.94999981,396018432
392,2006-09-11 13:30:00+00:00,40.11,4.74399996,4.80499983,4.9460001,618544368
393,2006-09-18 13:30:00+00:00,39.87,4.7750001,4.80999994,4.92700005,621475136
394,2006-09-25 13:30:00+00:00,40.64999,4.56500006,4.632999900000001,4.76000023,534712688
395,2006-10-02 13:30:00+00:00,41.41,4.55999994,4.6960001,4.76200008,540523488
396,2006-10-09 13:30:00+00:00,42.429990000000004,4.74900007,4.80200005,4.90899992,473367360
397,2006-10-16 13:30:00+00:00,42.0,4.75600004,4.79199982,4.91400003,543008736
398,2006-10-23 13:30:00+00:00,42.21001,4.80900002,4.83400011,4.96099997,616254624
399,2006-10-30 14:30:00+00:00,41.929990000000004,4.64300013,4.72300005,4.78800011,608267248
400,2006-11-06 14:30:00+00:00,43.03,4.67600012,4.69700003,4.78299999,628372992
401,2006-11-13 14:30:00+00:00,44.3,4.68900013,4.67199993,4.75199986,536419056
402,2006-11-20 14:30:00+00:00,44.64999,4.60099983,4.60099983,4.68100023,296994960
403,2006-11-27 14:30:00+00:00,43.66,4.53499985,4.53399992,4.61800003,686882752
404,2006-12-04 14:30:00+00:00,43.89999,4.524,4.55,4.60099983,511677072
405,2006-12-11 14:30:00+00:00,44.429990000000004,4.578,4.601,4.71899986,472269248
406,2006-12-18 14:30:00+00:00,42.929990000000004,4.593999999999999,4.626,4.73000002,521269120
407,2006-12-26 14:30:00+00:00,43.16,4.698,4.704,4.81099987,249173744
408,2007-01-03 14:30:00+00:00,43.85001,4.659,4.664,4.78900003,443603824
409,2007-01-08 14:30:00+00:00,45.31,4.766,4.781000000000001,4.82299995,627459552
410,2007-01-16 14:30:00+00:00,44.17,4.784,4.787,4.87599993,540086992
411,2007-01-22 14:30:00+00:00,43.570009999999996,4.875,4.881,4.97200012,679029248
412,2007-01-29 14:30:00+00:00,44.16,4.885,4.894,4.99700022,577661456
413,2007-02-05 14:30:00+00:00,43.84,4.798,4.808,4.91099977,558454704
414,2007-02-12 14:30:00+00:00,44.71001,4.809,4.816,4.90199995,536874640
415,2007-02-20 14:30:00+00:00,45.25999,4.7330000000000005,4.734,4.83400011,419355376
416,2007-02-26 14:30:00+00:00,42.48,4.6160000000000005,4.631,4.73099995,1052982800
417,2007-03-05 14:30:00+00:00,42.929990000000004,4.55,4.591,4.66499996,693886768
418,2007-03-12 13:30:00+00:00,42.83,4.566,4.607,4.70800018,664949872
419,2007-03-19 13:30:00+00:00,44.12,4.533,4.618,4.77899981,534327184
420,2007-03-26 13:30:00+00:00,43.53,4.587,4.6739999999999995,4.84299994,580284064
421,2007-04-02 13:30:00+00:00,44.56,4.574,4.6819999999999995,4.8499999,334883392
422,2007-04-09 13:30:00+00:00,44.64999,4.691,4.769,4.92000008,465732704
423,2007-04-16 13:30:00+00:00,45.39999,4.707,4.781000000000001,4.8920002,454789808
424,2007-04-23 13:30:00+00:00,46.570009999999996,4.62,4.709,4.88399982,496422016
425,2007-04-30 13:30:00+00:00,46.63,4.603,4.7010000000000005,4.84399986,512090688
426,2007-05-07 13:30:00+00:00,46.78,4.606,4.6819999999999995,4.84000015,532318880
427,2007-05-14 13:30:00+00:00,46.71001,4.743,4.816,4.91800022,658318512
428,2007-05-21 13:30:00+00:00,46.45,4.829,4.904,5.00400019,623846432
429,2007-05-29 13:30:00+00:00,47.44,4.928,4.9639999999999995,5.01999998,469962496
430,2007-06-04 13:30:00+00:00,46.91,5.1610000000000005,5.25,5.23600006,798796336
431,2007-06-11 13:30:00+00:00,47.73,5.257999999999999,5.34,5.39599991,601100304
432,2007-06-18 13:30:00+00:00,47.28999,5.12,5.21,5.30499983,643904944
433,2007-06-25 13:30:00+00:00,47.60001,5.018,5.138999999999999,5.20499992,647347008
434,2007-07-02 13:30:00+00:00,48.86,5.112,5.206,5.2249999,255081744
435,2007-07-09 13:30:00+00:00,49.89999,5.107,5.199,5.22900009,452615936
436,2007-07-16 13:30:00+00:00,50.05,5.013,5.106,5.13700008,627430560
437,2007-07-23 13:30:00+00:00,47.99001,4.876,4.979,5.05700016,1018702192
438,2007-07-30 13:30:00+00:00,47.42,4.708,4.8660000000000005,4.95900011,1070724336
439,2007-08-06 13:30:00+00:00,47.28,4.755,4.902,5.04899979,1012486800
440,2007-08-13 13:30:00+00:00,46.31,4.646,4.856,5.02899981,1070884224
441,2007-08-20 13:30:00+00:00,48.2,4.468,4.71,4.96700001,581921744
442,2007-08-27 13:30:00+00:00,48.87,4.46,4.655,4.88000011,524940496
443,2007-09-04 13:30:00+00:00,48.23,4.287,4.578,4.83500004,464060176
444,2007-09-10 13:30:00+00:00,49.22,4.22,4.499,4.73000002,502729504
445,2007-09-17 13:30:00+00:00,50.36,4.402,4.725,4.96899986,559941136
446,2007-09-24 13:30:00+00:00,51.41,4.345,4.668,4.90500021,453173424
447,2007-10-01 13:30:00+00:00,52.81799,4.352,4.6610000000000005,4.80200005,477932000
448,2007-10-08 13:30:00+00:00,53.53,4.428,4.709,4.87300014,620367632
449,2007-10-15 13:30:00+00:00,52.44,4.4639999999999995,4.721,4.91499996,888690064
450,2007-10-22 13:30:00+00:00,53.929990000000004,4.121,4.448,4.69700003,1047816528
451,2007-10-29 13:30:00+00:00,54.42,4.209,4.51,4.74499989,764694192
452,2007-11-05 14:30:00+00:00,50.0,4.001,4.378,4.67199993,1170148400
453,2007-11-12 14:30:00+00:00,50.28,3.85,4.269,4.61999989,1316251472
454,2007-11-19 14:30:00+00:00,49.84,3.5589999999999997,4.102,4.49700022,757505440
455,2007-11-26 14:30:00+00:00,51.31,3.502,4.044,4.43200016,919245632
456,2007-12-03 14:30:00+00:00,52.33,3.503,4.112,4.48600006,548005136
457,2007-12-10 14:30:00+00:00,50.97,3.635,4.242,4.64699984,687787680
458,2007-12-17 14:30:00+00:00,51.85001,3.585,4.176,4.58099985,701556384
459,2007-12-24 14:30:00+00:00,51.86,3.718,4.285,4.67600012,226330720
460,2007-12-31 14:30:00+00:00,48.39999,3.452,4.033,4.367000099999999,549246304
461,2008-01-07 14:30:00+00:00,47.05,3.161,3.8930000000000002,4.44999981,1212543072
462,2008-01-14 14:30:00+00:00,45.35001,3.0669999999999997,3.787,4.35699987,1203084656
463,2008-01-22 14:30:00+00:00,43.99001,2.9939999999999998,3.748,4.38500023,1165437008
464,2008-01-28 14:30:00+00:00,45.5899,2.9730000000000003,3.761,4.375,931799808
465,2008-02-04 14:30:00+00:00,43.60001,2.8680000000000003,3.8110000000000004,4.52600002,927608512
466,2008-02-11 14:30:00+00:00,43.820009999999996,2.803,3.859,4.65399981,684582624
467,2008-02-19 14:30:00+00:00,43.679990000000004,3.0239999999999996,3.96,4.66499996,533067952
468,2008-02-25 14:30:00+00:00,42.95,3.009,3.935,4.66599989,713423808
469,2008-03-03 14:30:00+00:00,42.070009999999996,2.625,3.714,4.59299994,896005632
470,2008-03-10 13:30:00+00:00,42.25,2.6689999999999996,3.628,4.51300001,1017999824
471,2008-03-17 13:30:00+00:00,43.09,2.5,3.511,4.35500002,753985120
472,2008-03-24 13:30:00+00:00,43.49001,2.648,3.585,4.38199997,623826512
473,2008-03-31 13:30:00+00:00,45.86,2.7769999999999997,3.615,4.40999985,662935424
474,2008-04-07 13:30:00+00:00,44.28,2.801,3.6060000000000003,4.38700008,560369440
475,2008-04-14 13:30:00+00:00,46.71001,3.075,3.852,4.53100014,605613936
476,2008-04-21 13:30:00+00:00,47.14999,3.2510000000000003,3.9160000000000004,4.54899979,607718816
477,2008-04-28 13:30:00+00:00,48.77,3.2260000000000004,3.904,4.56599998,563254064
478,2008-05-05 13:30:00+00:00,48.21001,3.197,3.9539999999999997,4.671,580336064
479,2008-05-12 13:30:00+00:00,50.0099,3.2710000000000004,3.984,4.63399982,622494128
480,2008-05-19 13:30:00+00:00,48.2,3.273,3.9610000000000003,4.62799978,745057152
481,2008-05-27 13:30:00+00:00,50.00999,3.51,4.138999999999999,4.75299978,466513440
482,2008-06-02 13:30:00+00:00,49.03,3.445,4.081,4.73799992,802796688
483,2008-06-09 13:30:00+00:00,48.37,3.761,4.2860000000000005,4.75600004,899835120
484,2008-06-16 13:30:00+00:00,47.42,3.784,4.296,4.79699993,847435056
485,2008-06-23 13:30:00+00:00,45.64999,3.662,4.202,4.704,860245552
486,2008-06-30 13:30:00+00:00,44.63,3.409,4.039,4.55299997,701267328
487,2008-07-07 13:30:00+00:00,44.56,3.3110000000000004,4.006,4.48899984,1060168944
488,2008-07-14 13:30:00+00:00,44.59,3.4389999999999996,4.104,4.6079998,1005544624
489,2008-07-21 13:30:00+00:00,45.27,3.57,4.176,4.67600012,707068864
490,2008-07-28 13:30:00+00:00,44.88,3.45,4.121,4.64699984,793107936
491,2008-08-04 13:30:00+00:00,47.320009999999996,3.377,4.092,4.70100021,697424688
492,2008-08-11 13:30:00+00:00,48.16,3.3160000000000003,4.046,4.61000013,748737680
493,2008-08-18 13:30:00+00:00,47.49001,3.228,3.897,4.46799994,677730640
494,2008-08-25 13:30:00+00:00,46.12,3.1489999999999996,3.878,4.39300013,589880864
495,2008-09-02 13:30:00+00:00,43.45,3.156,3.878,4.35900021,791427120
496,2008-09-08 13:30:00+00:00,43.429990000000004,3.2769999999999997,3.898,4.27600002,1061447872
497,2008-09-15 13:30:00+00:00,42.89999,3.0980000000000003,3.8369999999999997,4.19099998,1993770464
498,2008-09-22 13:30:00+00:00,41.08,3.1439999999999997,3.909,4.421,841223440
499,2008-09-29 13:30:00+00:00,36.179990000000004,3.069,3.909,4.3119998,1141920064
500,2008-10-06 13:30:00+00:00,31.320009999999996,2.878,3.917,4.10300016,2001336832
501,2008-10-13 13:30:00+00:00,32.3,3.0810000000000004,4.109,4.28499985,1753253376
502,2008-10-20 13:30:00+00:00,29.509990000000002,2.9130000000000003,3.9960000000000004,4.28000021,1462805408
503,2008-10-27 13:30:00+00:00,32.89,2.855,3.984,4.33500004,1387824592
504,2008-11-03 14:30:00+00:00,31.19,2.7060000000000004,3.918,4.32499981,892941376
505,2008-11-10 14:30:00+00:00,28.98,2.506,3.86,4.35699987,1068271616
506,2008-11-17 14:30:00+00:00,26.67,2.2969999999999997,3.675,4.18400002,1325215776
507,2008-11-24 14:30:00+00:00,29.12,2.237,3.3710000000000004,3.77900004,634569136
508,2008-12-01 14:30:00+00:00,28.94,1.98,2.9619999999999997,3.19799995,963356128
509,2008-12-08 14:30:00+00:00,29.679990000000004,1.858,2.802,3.16100001,852763632
510,2008-12-15 14:30:00+00:00,29.86,1.6130000000000002,2.6210000000000004,2.96600008,701064752
511,2008-12-22 14:30:00+00:00,29.13,1.786,2.225,2.67400002,212377568
512,2008-12-29 14:30:00+00:00,31.03,1.735,2.4330000000000003,2.63599992,327015088
513,2009-01-05 14:30:00+00:00,30.070009999999996,1.805,2.61,3.04900002,611792880
514,2009-01-12 14:30:00+00:00,29.42,1.568,2.452,3.00099993,794550624
515,2009-01-20 14:30:00+00:00,28.899990000000003,1.7109999999999999,2.6830000000000003,3.26300001,655260384
516,2009-01-26 14:30:00+00:00,29.06,1.915,2.8939999999999997,3.61599994,662321072
517,2009-02-02 14:30:00+00:00,31.37,1.972,3.0039999999999996,3.68000007,805352704
518,2009-02-09 14:30:00+00:00,30.429990000000004,2.024,3.0580000000000003,3.65100002,847028928
519,2009-02-17 14:30:00+00:00,28.87,1.9180000000000001,2.904,3.66799998,685125488
520,2009-02-23 14:30:00+00:00,27.53,2.121,3.054,3.6789998999999995,986804064
521,2009-03-02 14:30:00+00:00,26.3,2.003,3.045,3.66499996,929860000
522,2009-03-09 13:30:00+00:00,28.740009999999998,2.05,3.043,3.72900009,870664624
523,2009-03-16 13:30:00+00:00,29.179990000000004,1.9969999999999999,3.023,3.8269998999999997,864532560
524,2009-03-23 13:30:00+00:00,30.820009999999996,1.8840000000000001,2.8369999999999997,3.74399996,829661008
525,2009-03-30 13:30:00+00:00,32.35001,1.899,2.917,3.60100007,797962944
526,2009-04-06 13:30:00+00:00,32.94,1.9240000000000002,2.95,3.72799993,565942256
527,2009-04-13 13:30:00+00:00,33.31,1.913,2.958,3.72300005,669190880
528,2009-04-20 13:30:00+00:00,33.69,1.9569999999999999,3.015,3.81200004,756629872
529,2009-04-27 13:30:00+00:00,34.37,2.084,3.2110000000000003,4.03900003,615362928
530,2009-05-04 13:30:00+00:00,34.23,2.226,3.39,4.30600023,811787872
531,2009-05-11 13:30:00+00:00,33.37,2.147,3.2910000000000004,4.17299986,727514144
532,2009-05-18 13:30:00+00:00,33.53999,2.222,3.465,4.33599997,598066864
533,2009-05-26 13:30:00+00:00,35.38,2.519,3.76,4.65100002,496717120
534,2009-06-01 13:30:00+00:00,36.78,2.86,3.909,4.58599997,550624048
535,2009-06-08 13:30:00+00:00,36.64999,2.997,4.012,4.76399994,589148672
536,2009-06-15 13:30:00+00:00,36.16,2.886,3.886,4.58699989,624441632
537,2009-06-22 13:30:00+00:00,36.37,2.825,3.805,4.4380002,556147824
538,2009-06-29 13:30:00+00:00,35.60001,2.615,3.614,4.33799982,390946192
539,2009-07-06 13:30:00+00:00,34.92,2.513,3.562,4.35900021,616515248
540,2009-07-13 13:30:00+00:00,37.56,2.537,3.6630000000000003,4.49499989,628390432
541,2009-07-20 13:30:00+00:00,39.05,2.591,3.7239999999999998,4.55000019,611443632
542,2009-07-27 13:30:00+00:00,39.45,2.75,3.7680000000000002,4.62699986,519999136
543,2009-08-03 13:30:00+00:00,39.88,2.875,3.888,4.5619998,554956144
544,2009-08-10 13:30:00+00:00,39.63,2.866,3.8930000000000002,4.53399992,560912880
545,2009-08-17 13:30:00+00:00,40.28999,2.574,3.58,4.35599995,500574944
546,2009-08-24 13:30:00+00:00,40.44,2.6,3.612,4.26499987,535480640
547,2009-08-31 13:30:00+00:00,40.36,2.467,3.466,4.1960001,503780928
548,2009-09-08 13:30:00+00:00,41.52,2.432,3.5380000000000003,4.33099985,363472752
549,2009-09-14 13:30:00+00:00,42.44,2.48,3.503,4.26599979,468666112
550,2009-09-21 13:30:00+00:00,41.7,2.497,3.5189999999999997,4.23699999,511146000
551,2009-09-28 13:30:00+00:00,40.88,2.4019999999999997,3.346,4.04799986,649683424
552,2009-10-05 13:30:00+00:00,42.48,2.367,3.406,4.08599997,486147936
553,2009-10-12 13:30:00+00:00,42.78,2.4219999999999997,3.486,4.30999994,412798256
554,2009-10-19 13:30:00+00:00,43.13,2.456,3.4989999999999997,4.24300003,486658672
555,2009-10-26 13:30:00+00:00,40.96001,2.5180000000000002,3.583,4.37099981,620064128
556,2009-11-02 14:30:00+00:00,42.60001,2.4290000000000003,3.5669999999999997,4.4000001,577115264
557,2009-11-09 14:30:00+00:00,44.00999,2.33,3.537,4.41400003,439528880
558,2009-11-16 14:30:00+00:00,43.44,2.275,3.431,4.30200005,455370880
559,2009-11-23 14:30:00+00:00,43.50999,2.224,3.418,4.27799988,251151360
560,2009-11-30 14:30:00+00:00,44.12,2.2969999999999997,3.516,4.33400011,445813552
561,2009-12-07 14:30:00+00:00,44.13,2.291,3.588,4.507999900000001,376279568
562,2009-12-14 14:30:00+00:00,44.46001,2.372,3.6239999999999997,4.52699995,357649568
563,2009-12-21 14:30:00+00:00,45.98,2.546,3.813,4.61499977,239652960
564,2009-12-28 14:30:00+00:00,45.75,2.764,3.92,4.69399977,189483376
565,2010-01-04 14:30:00+00:00,46.55,2.748,3.906,4.6960001,387772080
566,2010-01-11 14:30:00+00:00,45.85001,2.602,3.8489999999999998,4.72800016,498686816
567,2010-01-19 14:30:00+00:00,44.16,2.5,3.739,4.59100008,606106256
568,2010-01-25 14:30:00+00:00,42.78999,2.4859999999999998,3.698,4.56400013,890233488
569,2010-02-01 14:30:00+00:00,42.98,2.416,3.713,4.63800001,706407184
570,2010-02-08 14:30:00+00:00,43.75999,2.415,3.7689999999999997,4.67399979,494407936
571,2010-02-16 14:30:00+00:00,44.83,2.511,3.832,4.73400021,312722000
572,2010-02-22 14:30:00+00:00,44.75999,2.477,3.807,4.72900009,418643888
573,2010-03-01 14:30:00+00:00,46.44,2.377,3.7060000000000004,4.58300018,342010464
574,2010-03-08 14:30:00+00:00,47.36,2.49,3.783,4.69000006,390872560
575,2010-03-15 13:30:00+00:00,47.49001,2.468,3.735,4.62900019,374910912
576,2010-03-22 13:30:00+00:00,48.0,2.699,3.9339999999999997,4.76200008,348533312
577,2010-03-29 13:30:00+00:00,48.16,2.638,3.903,4.77199984,251124192
578,2010-04-05 13:30:00+00:00,49.03,2.76,4.0169999999999995,4.83400011,310079840
579,2010-04-12 13:30:00+00:00,49.53,2.685,3.927,4.7329998,372303328
580,2010-04-19 13:30:00+00:00,50.52,2.614,3.8360000000000003,4.69500017,430226176
581,2010-04-26 13:30:00+00:00,49.2375,2.6189999999999998,3.84,4.66699982,505128080
582,2010-05-03 13:30:00+00:00,45.41,2.487,3.715,4.53100014,906423440
583,2010-05-10 13:30:00+00:00,46.929990000000004,2.363,3.609,4.47800016,584931088
584,2010-05-17 13:30:00+00:00,44.84,2.217,3.5,4.36399984,812962688
585,2010-05-24 13:30:00+00:00,45.60001,2.208,3.366,4.25299978,648503376
586,2010-06-01 13:30:00+00:00,45.0925,2.217,3.429,4.27299976,413270176
587,2010-06-07 13:30:00+00:00,45.5,2.124,3.33,4.23799992,475743936
588,2010-06-14 13:30:00+00:00,47.0,2.115,3.332,4.21999979,375850320
589,2010-06-21 13:30:00+00:00,45.27,2.108,3.3110000000000004,4.16499996,486133520
590,2010-06-28 13:30:00+00:00,42.47,1.916,3.111,4.00500011,546336128
591,2010-07-06 13:30:00+00:00,44.62,1.8519999999999999,3.068,4.01499987,287165792
592,2010-07-12 13:30:00+00:00,44.34,1.9180000000000001,3.137,4.10599995,436764320
593,2010-07-19 13:30:00+00:00,46.06,1.7409999999999999,3.003,3.98300004,418385072
594,2010-07-26 13:30:00+00:00,45.81,1.8,3.065,4.07999992,369146496
595,2010-08-02 13:30:00+00:00,46.75999,1.649,2.975,4.08699989,283877456
596,2010-08-09 13:30:00+00:00,44.72,1.57,2.843,4.01900005,318238768
597,2010-08-16 13:30:00+00:00,44.92,1.489,2.682,3.76999998,324012512
598,2010-08-23 13:30:00+00:00,44.070009999999996,1.521,2.6660000000000004,3.66499996,436874688
599,2010-08-30 13:30:00+00:00,46.00999,1.54,2.773,3.71199989,310820848
600,2010-09-07 13:30:00+00:00,46.60001,1.615,2.825,3.83800006,246551136
601,2010-09-13 13:30:00+00:00,47.995,1.63,2.852,3.92799997,366295536
602,2010-09-20 13:30:00+00:00,49.66,1.466,2.7539999999999996,3.87199998,419740864
603,2010-09-27 13:30:00+00:00,49.00999,1.3769999999999998,2.614,3.72300005,430626400
604,2010-10-04 13:30:00+00:00,49.75,1.263,2.517,3.74399996,411408928
605,2010-10-11 13:30:00+00:00,51.49001,1.206,2.5980000000000003,3.91300011,379691984
606,2010-10-18 13:30:00+00:00,51.64,1.19,2.59,3.95700002,392400384
607,2010-10-25 13:30:00+00:00,52.179990000000004,1.3430000000000002,2.733,4.05999994,277283760
608,2010-11-01 13:30:00+00:00,53.67,1.218,2.656,4.0630002,397056832
609,2010-11-08 14:30:00+00:00,52.50999,1.3880000000000001,2.798,4.25199986,374474560
610,2010-11-15 14:30:00+00:00,52.47,1.567,2.972,4.41499996,361657088
611,2010-11-22 14:30:00+00:00,52.968,1.5919999999999999,2.9339999999999997,4.20800018,223915584
612,2010-11-29 14:30:00+00:00,53.87,1.734,3.048,4.26200008,384783648
613,2010-12-06 14:30:00+00:00,54.495,2.003,3.3360000000000003,4.45800018,242821488
614,2010-12-13 14:30:00+00:00,54.52,2.168,3.569,4.60300016,302374912
615,2010-12-20 14:30:00+00:00,54.742,2.08,3.409,4.44399977,141369616
616,2010-12-27 14:30:00+00:00,54.46001,2.197,3.497,4.53399992,143692800
617,2011-01-03 14:30:00+00:00,55.87,2.173,3.4989999999999997,4.54099989,297034112
618,2011-01-10 14:30:00+00:00,57.0,2.049,3.42,4.53200006,255492288
619,2011-01-18 14:30:00+00:00,55.679990000000004,2.08,3.4760000000000004,4.63899994,285601216
620,2011-01-24 14:30:00+00:00,55.73,2.093,3.48,4.632999900000001,356971776
621,2011-01-31 14:30:00+00:00,57.375,2.307,3.67,4.67500019,289173904
622,2011-02-07 14:30:00+00:00,58.44,2.428,3.772,4.79099989,264315552
623,2011-02-14 14:30:00+00:00,58.73,2.419,3.668,4.71700001,223994672
624,2011-02-22 14:30:00+00:00,57.64999,2.237,3.557,4.67399979,343250272
625,2011-02-28 14:30:00+00:00,57.9675,2.349,3.5980000000000003,4.64300013,331526352
626,2011-03-07 14:30:00+00:00,56.49001,2.24,3.5589999999999997,4.67799997,430304048
627,2011-03-14 13:30:00+00:00,54.45,2.064,3.425,4.58599997,540725120
628,2011-03-21 13:30:00+00:00,56.84,2.189,3.463,4.51000023,297672512
629,2011-03-28 13:30:00+00:00,57.46001,2.359,3.528,4.55499983,248929312
630,2011-04-04 13:30:00+00:00,56.95,2.356,3.6210000000000004,4.63399982,257063984
631,2011-04-11 13:30:00+00:00,56.64999,2.349,3.615,4.67799997,265148224
632,2011-04-18 13:30:00+00:00,58.34,2.15,3.458,4.54899979,218746032
633,2011-04-25 13:30:00+00:00,59.08,2.126,3.407,4.48000002,224204432
634,2011-05-02 13:30:00+00:00,58.47,2.0140000000000002,3.325,4.42500019,284057872
635,2011-05-09 13:30:00+00:00,58.41,1.946,3.252,4.37400007,269626272
636,2011-05-16 13:30:00+00:00,57.765,1.922,3.245,4.35599995,258394816
637,2011-05-23 13:30:00+00:00,57.429990000000004,1.8419999999999999,3.165,4.31599998,195057776
638,2011-05-31 13:30:00+00:00,56.35001,1.7630000000000001,3.11,4.26900005,207352128
639,2011-06-06 13:30:00+00:00,54.64,1.6469999999999998,3.0589999999999997,4.30299997,241961024
640,2011-06-13 13:30:00+00:00,53.78999,1.699,3.11,4.31099987,274002688
641,2011-06-20 13:30:00+00:00,54.38,1.575,3.013,4.23999977,267170304
642,2011-06-27 13:30:00+00:00,57.91,1.85,3.225,4.45100021,266102400
643,2011-07-05 13:30:00+00:00,59.03,1.785,3.194,4.41200018,216744624
644,2011-07-11 13:30:00+00:00,57.85001,1.5859999999999999,3.0410000000000004,4.30499983,385517440
645,2011-07-18 13:30:00+00:00,59.60001,1.5830000000000002,3.0389999999999997,4.34100008,304269776
646,2011-07-25 13:30:00+00:00,58.0,1.575,3.0410000000000004,4.34499979,317696640
647,2011-08-01 13:30:00+00:00,53.83,1.425,2.859,4.204,626826256
648,2011-08-08 13:30:00+00:00,53.570009999999996,1.25,2.591,3.90899992,838736736
649,2011-08-15 13:30:00+00:00,50.03,1.004,2.319,3.78900003,473880864
650,2011-08-22 13:30:00+00:00,53.13,1.058,2.315,3.66899991,418190560
651,2011-08-29 13:30:00+00:00,53.28,1.031,2.301,3.65400004,283846288
652,2011-09-06 13:30:00+00:00,53.179990000000004,0.9420000000000001,2.064,3.375,227030560
653,2011-09-12 13:30:00+00:00,56.59,0.991,2.121,3.37800002,391188304
654,2011-09-19 13:30:00+00:00,54.14999,0.919,2.053,3.31800008,457376880
655,2011-09-26 13:30:00+00:00,52.49001,1.018,2.069,3.14700007,476024560
656,2011-10-03 13:30:00+00:00,54.070009999999996,1.1,2.12,2.96499991,489449360
657,2011-10-10 13:30:00+00:00,58.179990000000004,1.213,2.273,3.25200009,329392800
658,2011-10-17 13:30:00+00:00,57.3,1.161,2.298,3.29299998,365068848
659,2011-10-24 13:30:00+00:00,58.94,1.225,2.4219999999999997,3.46099997,372347680
660,2011-10-31 13:30:00+00:00,57.8,1.131,2.3169999999999997,3.37899995,366153616
661,2011-11-07 14:30:00+00:00,57.85001,0.95,2.1109999999999998,3.17499995,318527568
662,2011-11-14 14:30:00+00:00,55.39999,0.9740000000000001,2.141,3.20099998,327287824
663,2011-11-21 14:30:00+00:00,52.88,0.9420000000000001,2.0140000000000002,2.98600006,178144720
664,2011-11-28 14:30:00+00:00,56.62,1.022,2.17,3.15499997,247985600
665,2011-12-05 14:30:00+00:00,57.02,0.978,2.126,3.148,231197936
666,2011-12-12 14:30:00+00:00,54.86,0.9009999999999999,2.073,3.14299989,307363600
667,2011-12-19 14:30:00+00:00,56.08,0.996,2.04,3.00999999,273973104
668,2011-12-27 14:30:00+00:00,55.83,0.9990000000000001,2.037,3.11800003,109543120
669,2012-01-03 14:30:00+00:00,57.81,0.927,2.0469999999999997,3.06999993,156501936
670,2012-01-09 14:30:00+00:00,58.179990000000004,0.883,2.01,3.08200002,174462656
671,2012-01-17 14:30:00+00:00,59.77,0.899,2.037,3.06299996,179308352
672,2012-01-23 14:30:00+00:00,60.39999,0.93,2.097,3.18199992,224389632
673,2012-01-30 14:30:00+00:00,62.05,0.792,1.959,3.06500006,223221072
674,2012-02-06 14:30:00+00:00,62.47501,0.88,2.083,3.23399997,212597664
675,2012-02-13 14:30:00+00:00,63.429990000000004,0.9109999999999999,2.04,3.1789999,353958832
676,2012-02-21 14:30:00+00:00,63.96001,0.932,2.084,3.227,176934864
677,2012-02-27 14:30:00+00:00,64.87,0.9279999999999999,2.066,3.18499994,247107072
678,2012-03-05 14:30:00+00:00,65.02,0.9329999999999999,2.063,3.18400002,229997232
679,2012-03-12 13:30:00+00:00,66.52,1.17,2.366,3.49000001,272726864
680,2012-03-19 13:30:00+00:00,66.939,1.2329999999999999,2.403,3.4920001000000003,250412896
681,2012-03-26 13:30:00+00:00,67.55,1.1320000000000001,2.295,3.38000011,216010784
682,2012-04-02 13:30:00+00:00,67.72,1.123,2.311,3.44499993,182597632
683,2012-04-09 13:30:00+00:00,66.19,0.968,2.08,3.25,281747056
684,2012-04-16 13:30:00+00:00,65.67999,0.879,2.022,3.16199994,288502752
685,2012-04-23 13:30:00+00:00,67.24001,0.898,2.041,3.19199991,265514304
686,2012-04-30 13:30:00+00:00,64.7,0.856,1.969,3.16899991,272591856
687,2012-05-07 13:30:00+00:00,64.17999,0.795,1.923,3.10700011,305197216
688,2012-05-14 13:30:00+00:00,60.81,0.775,1.845,3.01900005,307844192
689,2012-05-21 13:30:00+00:00,62.070009999999996,0.797,1.808,2.89700007,296589520
690,2012-05-29 13:30:00+00:00,60.409,0.7859999999999999,1.77,2.87199998,227344016
691,2012-06-04 13:30:00+00:00,62.87,0.7440000000000001,1.6869999999999998,2.77900004,258969264
692,2012-06-11 13:30:00+00:00,62.99001,0.773,1.73,2.85400009,257359040
693,2012-06-18 13:30:00+00:00,63.35001,0.7879999999999999,1.686,2.7980001,192063008
694,2012-06-25 13:30:00+00:00,64.16,0.8440000000000001,1.679,2.75500011,194012032
695,2012-07-02 13:30:00+00:00,64.12,0.736,1.66,2.76099992,127037422
696,2012-07-09 13:30:00+00:00,63.38,0.654,1.5519999999999998,2.66400003,216473904
697,2012-07-16 13:30:00+00:00,64.235,0.634,1.526,2.63100004,208180000
698,2012-07-23 13:30:00+00:00,64.87,0.685,1.594,2.54099989,236752448
699,2012-07-30 13:30:00+00:00,65.60001,0.684,1.597,2.65300012,186003840
700,2012-08-06 13:30:00+00:00,66.86,0.758,1.733,2.80999994,113522592
701,2012-08-13 13:30:00+00:00,68.32001,0.8440000000000001,1.865,2.98399997,131510448
702,2012-08-20 13:30:00+00:00,68.28999,0.833,1.867,2.98300004,180057488
703,2012-08-27 13:30:00+00:00,68.16,0.805,1.695,2.80599999,141242560
704,2012-09-04 13:30:00+00:00,69.42999,0.731,1.745,2.79900002,134216608
705,2012-09-10 13:30:00+00:00,70.17999,0.746,1.8969999999999998,3.00099993,181818048
706,2012-09-17 13:30:00+00:00,70.14999,0.726,1.899,3.12100005,161657312
707,2012-09-24 13:30:00+00:00,68.57001,0.6859999999999999,1.761,2.96000004,161871600
708,2012-10-01 13:30:00+00:00,68.98,0.6809999999999999,1.751,2.89400005,160541808
709,2012-10-08 13:30:00+00:00,66.67999,0.6940000000000001,1.755,2.96199989,199390640
710,2012-10-15 13:30:00+00:00,65.67999,0.794,1.841,3.023,226688608
711,2012-10-22 13:30:00+00:00,65.35001,0.8809999999999999,1.86,3.01200008,238003376
712,2012-10-29 13:30:00+00:00,65.17,0.784,1.781,2.92799997,109552400
713,2012-11-05 14:30:00+00:00,63.429990000000004,0.763,1.757,2.92799997,238585328
714,2012-11-12 14:30:00+00:00,62.3,0.662,1.645,2.76799989,284598640
715,2012-11-19 14:30:00+00:00,64.89999,0.6970000000000001,1.7,2.82299995,143401936
716,2012-11-26 14:30:00+00:00,65.8,0.7,1.703,2.83599997,164193088
717,2012-12-03 14:30:00+00:00,64.92999,0.6509999999999999,1.661,2.85100007,209599536
718,2012-12-10 14:30:00+00:00,64.69,0.7120000000000001,1.7530000000000001,2.93000007,204985936
719,2012-12-17 14:30:00+00:00,65.2,0.7979999999999999,1.8519999999999999,3.03600001,224630096
720,2012-12-24 14:30:00+00:00,63.78,0.785,1.7890000000000001,2.96399999,119204262
721,2012-12-31 14:30:00+00:00,66.63,0.8640000000000001,1.979,3.13400006,209588736
722,2013-01-07 14:30:00+00:00,67.25999,0.8240000000000001,1.935,3.11899996,139814016
723,2013-01-14 14:30:00+00:00,67.07001,0.813,1.9,3.08599997,166303376
724,2013-01-22 14:30:00+00:00,67.0,0.8590000000000001,1.959,3.06900001,145952512
725,2013-01-28 14:30:00+00:00,67.66,0.9229999999999999,2.042,3.22199988,190928432
726,2013-02-04 14:30:00+00:00,67.99001,0.9229999999999999,2.064,3.25399995,213065744
727,2013-02-11 14:30:00+00:00,67.75,0.919,2.068,3.24499989,113025264
728,2013-02-19 14:30:00+00:00,67.13901,0.903,2.056,3.24000001,129458592
729,2013-02-25 14:30:00+00:00,67.38,0.856,2.006,3.19700003,179530560
730,2013-03-04 14:30:00+00:00,68.77,0.9259999999999999,2.09,3.20700002,131978848
731,2013-03-11 13:30:00+00:00,68.50999,0.915,2.077,3.27399993,147351984
732,2013-03-18 13:30:00+00:00,68.59,0.8240000000000001,1.976,3.22099996,156223616
733,2013-03-25 13:30:00+00:00,68.97,0.8340000000000001,1.9769999999999999,3.19199991,90853744
734,2013-04-01 13:30:00+00:00,67.86099,0.7929999999999999,1.891,3.1400001,180582448
735,2013-04-08 13:30:00+00:00,69.94,0.748,1.818,3.00999999,174130736
736,2013-04-15 13:30:00+00:00,68.09,0.715,1.745,2.94499993,236548144
737,2013-04-22 13:30:00+00:00,69.57001,0.73,1.739,2.9210000000000003,182511872
738,2013-04-29 13:30:00+00:00,72.12,0.7390000000000001,1.757,2.89299989,156155584
739,2013-05-06 13:30:00+00:00,73.05,0.836,1.933,3.02099991,119348384
740,2013-05-13 13:30:00+00:00,74.3,0.87,1.99,3.20099998,151332432
741,2013-05-20 13:30:00+00:00,73.41,0.935,2.0709999999999997,3.24399996,185544304
742,2013-05-28 13:30:00+00:00,73.25,1.095,2.237,3.36999989,129906544
743,2013-06-03 13:30:00+00:00,73.39,1.107,2.1919999999999997,3.32999992,226018400
744,2013-06-10 13:30:00+00:00,72.28,1.208,2.298,3.43300009,163683808
745,2013-06-17 13:30:00+00:00,70.42999,1.4409999999999998,2.552,3.5480001000000003,212923776
746,2013-06-24 13:30:00+00:00,71.27,1.5619999999999998,2.67,3.65199995,145983744
747,2013-07-01 13:30:00+00:00,72.58,1.6230000000000002,2.752,3.55900002,95664288
748,2013-07-08 13:30:00+00:00,75.3,1.636,2.759,3.79299998,151473344
749,2013-07-15 13:30:00+00:00,74.59,1.464,2.642,3.68499994,150182416
750,2013-07-22 13:30:00+00:00,75.37,1.4509999999999998,2.637,3.68799996,114364304
751,2013-07-29 13:30:00+00:00,76.97,1.5319999999999998,2.752,3.77399993,105067584
752,2013-08-05 13:30:00+00:00,76.49001,1.411,2.67,3.75900006,97988237
753,2013-08-12 13:30:00+00:00,75.485,1.6159999999999999,2.8689999999999998,3.83800006,137585280
754,2013-08-19 13:30:00+00:00,76.67,1.732,2.9410000000000003,3.94000006,117101392
755,2013-08-26 13:30:00+00:00,75.47,1.679,2.838,3.84599996,141601024
756,2013-09-03 13:30:00+00:00,76.92999,1.8719999999999999,3.011,3.89400005,99924192
757,2013-09-09 13:30:00+00:00,78.06,1.784,2.983,3.92199993,116184976
758,2013-09-16 13:30:00+00:00,78.985,1.6669999999999998,2.904,3.88100004,137571200
759,2013-09-23 13:30:00+00:00,79.07001,1.5130000000000001,2.76,3.77900004,122514672
760,2013-09-30 13:30:00+00:00,79.39999,1.442,2.6689999999999996,3.73300004,152517824
761,2013-10-07 13:30:00+00:00,79.23,1.48,2.7260000000000004,3.78699994,201698912
762,2013-10-14 13:30:00+00:00,82.14999,1.4769999999999999,2.763,3.8039998999999995,188713504
763,2013-10-21 13:30:00+00:00,82.89999,1.3730000000000002,2.6239999999999997,3.68899989,172130512
764,2013-10-28 13:30:00+00:00,82.81,1.39,2.636,3.65899992,161214979
765,2013-11-04 14:30:00+00:00,82.54,1.44,2.765,3.78699994,154049776
766,2013-11-11 14:30:00+00:00,83.96,1.453,2.7739999999999996,3.88700008,127894276
767,2013-11-18 14:30:00+00:00,83.99,1.39,2.819,3.93799996,142888616
768,2013-11-25 14:30:00+00:00,85.73,1.399,2.773,3.85400009,86676235
769,2013-12-02 14:30:00+00:00,86.0,1.548,2.935,3.92499995,177374327
770,2013-12-09 14:30:00+00:00,84.85,1.554,2.8939999999999997,3.90499997,154134408
771,2013-12-16 14:30:00+00:00,86.5,1.719,2.97,3.95300007,204715444
772,2013-12-23 14:30:00+00:00,87.52,1.761,3.025,3.93099999,73107297
773,2013-12-30 14:30:00+00:00,86.64,1.764,3.0580000000000003,4.00400019,108799013
774,2014-01-06 14:30:00+00:00,87.3,1.7819999999999998,3.02,3.94309998,146923412
775,2014-01-13 14:30:00+00:00,87.88,1.705,2.915,3.83500004,197077467
776,2014-01-21 14:30:00+00:00,86.74,1.712,2.878,3.77800012,155270098
777,2014-01-27 14:30:00+00:00,86.27,1.6159999999999999,2.795,3.71000004,272241132
778,2014-02-03 14:30:00+00:00,87.3,1.5490000000000002,2.73,3.68400002,216192920
779,2014-02-10 14:30:00+00:00,89.81,1.585,2.79,3.73699999,176019432
780,2014-02-18 14:30:00+00:00,89.93,1.581,2.785,3.74300003,144444615
781,2014-02-24 14:30:00+00:00,90.34,1.571,2.766,3.72000003,179324039
782,2014-03-03 14:30:00+00:00,90.53,1.6680000000000001,2.824,3.69400001,154642415
783,2014-03-10 13:30:00+00:00,88.67,1.6580000000000001,2.8089999999999997,3.73699999,160921179
784,2014-03-17 13:30:00+00:00,89.0,1.7480000000000002,2.7969999999999997,3.68400002,195043659
785,2014-03-24 13:30:00+00:00,87.05,1.7790000000000001,2.785,3.69860005,265068643
786,2014-03-31 13:30:00+00:00,86.37,1.821,2.822,3.65400004,268772052
787,2014-04-07 13:30:00+00:00,84.11,1.715,2.739,3.602,348493692
788,2014-04-14 13:30:00+00:00,86.2,1.746,2.7310000000000003,3.50099993,231822617
789,2014-04-21 13:30:00+00:00,86.19,1.784,2.84,3.53999996,192185912
790,2014-04-28 13:30:00+00:00,87.49,1.774,2.734,3.523,211257234
791,2014-05-05 13:30:00+00:00,86.8,1.704,2.63,3.43799996,210750468
792,2014-05-12 13:30:00+00:00,87.71,1.67,2.661,3.50300002,222234092
793,2014-05-19 13:30:00+00:00,89.88,1.5619999999999998,2.562,3.45099998,155879010
794,2014-05-27 13:30:00+00:00,91.31,1.56,2.551,3.41000009,123156303
795,2014-06-02 13:30:00+00:00,92.82,1.66,2.64,3.49300003,130591050
796,2014-06-09 13:30:00+00:00,92.32,1.73,2.66,3.48699999,141647936
797,2014-06-16 13:30:00+00:00,92.77,1.75,2.658,3.4920001000000003,144042253
798,2014-06-23 13:30:00+00:00,93.75,1.71,2.634,3.45700002,131055957
799,2014-06-30 13:30:00+00:00,95.7,1.77,2.69,3.46799994,85703493
800,2014-07-07 13:30:00+00:00,95.27,1.77,2.6630000000000003,3.48399997,157627611
801,2014-07-14 13:30:00+00:00,96.12,1.716,2.57,3.39499998,160923504
802,2014-07-21 13:30:00+00:00,96.74,1.71,2.52,3.30900002,139083491
803,2014-07-28 13:30:00+00:00,94.67,1.8,2.6,3.37299991,198730027
804,2014-08-04 13:30:00+00:00,94.9,1.69,2.549,3.32800007,191506568
805,2014-08-11 13:30:00+00:00,97.4,1.6280000000000001,2.47,3.29200006,164650583
806,2014-08-18 13:30:00+00:00,99.05,1.68,2.4459999999999997,3.24300003,127776269
807,2014-08-25 13:30:00+00:00,99.78,1.671,2.4,3.16960001,101297182
808,2014-09-02 13:30:00+00:00,99.89,1.74,2.4730000000000003,3.21600008,99751856
809,2014-09-08 13:30:00+00:00,99.48,1.8219999999999998,2.62,3.28299999,152318445
810,2014-09-15 13:30:00+00:00,99.98,1.88,2.641,3.39100003,185465230
811,2014-09-22 13:30:00+00:00,98.78,1.8119999999999998,2.57,3.29500008,243358235
812,2014-09-29 13:30:00+00:00,98.17,1.778,2.51,3.22099996,229470977
813,2014-10-06 13:30:00+00:00,94.44,1.7369999999999999,2.45,3.14499998,286200802
814,2014-10-13 13:30:00+00:00,93.0,1.537,2.286,3.00900006,424210635
815,2014-10-20 13:30:00+00:00,98.62,1.5,2.28,3.07299995,225552561
816,2014-10-27 13:30:00+00:00,101.4,1.63,2.36,3.125,194783488
817,2014-11-03 14:30:00+00:00,101.6,1.69,2.5,3.10700011,127676487
818,2014-11-10 14:30:00+00:00,103.22,1.6680000000000001,2.3748,3.1099999,105143458
819,2014-11-17 14:30:00+00:00,103.87,1.6436,2.3577,3.08200002,130381835
820,2014-11-24 14:30:00+00:00,106.01,1.62,2.3064,3.04500008,71788504
821,2014-12-01 14:30:00+00:00,105.38,1.7,2.33,3.01699996,151606134
822,2014-12-08 14:30:00+00:00,102.67,1.7006,2.3225,2.99799991,212516424
823,2014-12-15 14:30:00+00:00,104.32,1.6767,2.2287,2.82999992,299293246
824,2014-12-22 14:30:00+00:00,105.04,1.79,2.3,2.86500001,92241761
825,2014-12-29 14:30:00+00:00,102.94,1.7643,2.2516,2.81809998,91359481
826,2015-01-05 14:30:00+00:00,102.62,1.5677,2.0337,2.7019999,221926793
827,2015-01-12 14:30:00+00:00,100.82,1.41,1.94,2.56599998,228013928
828,2015-01-20 14:30:00+00:00,104.26,1.3769,1.8785,2.55200005,146762988
829,2015-01-26 14:30:00+00:00,101.1,1.36,1.84,2.41199994,198273122
830,2015-02-02 14:30:00+00:00,103.13,1.49,2.0,2.44000006,166222997
831,2015-02-09 14:30:00+00:00,106.91,1.5469,2.05,2.62800002,118145347
832,2015-02-17 14:30:00+00:00,108.41,1.61,2.1466,2.74699998,80989786
833,2015-02-23 14:30:00+00:00,108.4,1.5447,2.0609,2.74499989,107098380
834,2015-03-02 14:30:00+00:00,107.41,2.0,2.26,2.74900007,111156394
835,2015-03-09 13:30:00+00:00,105.34,1.6593,2.204,2.85899997,149425604
836,2015-03-16 13:30:00+00:00,108.53,1.5561,2.0752,2.69239998,148975525
837,2015-03-23 13:30:00+00:00,105.52,1.4677,2.0,2.60400009,163019883
838,2015-03-30 13:30:00+00:00,105.12,1.4335,1.97,2.57399988,113192990
839,2015-04-06 13:30:00+00:00,107.75,1.41,1.97,2.60700011,109976500
840,2015-04-13 13:30:00+00:00,106.01,1.3701,1.9316,2.62100005,125377031
841,2015-04-20 13:30:00+00:00,110.54,1.4,1.9858,2.6789999,135116219
842,2015-04-27 13:30:00+00:00,109.05,1.51,2.12,2.81299996,178969300
843,2015-05-04 13:30:00+00:00,108.69,1.6,2.2522,3.03800011,176396817
844,2015-05-11 13:30:00+00:00,109.58,1.6,2.3,3.12800002,121924381
845,2015-05-18 13:30:00+00:00,110.47,1.6026,2.2886,3.09200001,83291498
846,2015-05-26 13:30:00+00:00,110.05,1.56,2.17,2.98569989,103746527
847,2015-06-01 13:30:00+00:00,109.3,1.77,2.4202,3.15899992,118543348
848,2015-06-08 13:30:00+00:00,108.75,1.7854,2.4802,3.227,127196896
849,2015-06-15 13:30:00+00:00,109.89,1.7409999999999999,2.39,3.16000009,141902361
850,2015-06-22 13:30:00+00:00,109.27,1.77,2.49,3.22099996,103703061
851,2015-06-29 13:30:00+00:00,107.95,1.7561,2.4763,3.21700001,127477226
852,2015-07-06 13:30:00+00:00,107.65,1.69,2.42,3.18980002,163030133
853,2015-07-13 13:30:00+00:00,113.59,1.7107,2.4538,3.25,142155189
854,2015-07-20 13:30:00+00:00,111.1,1.72,2.39,3.13899994,154125841
855,2015-07-27 13:30:00+00:00,111.95,1.66,2.31,3.02999997,143782187
856,2015-08-03 13:30:00+00:00,110.31,1.67,2.29,2.96300006,148256243
857,2015-08-10 13:30:00+00:00,110.51,1.63,2.24,2.90899992,139948461
858,2015-08-17 13:30:00+00:00,102.4,1.61,2.23,2.89199996,233231454
859,2015-08-24 13:30:00+00:00,105.62,1.53,2.21,2.96000004,449319276
860,2015-08-31 13:30:00+00:00,102.16,1.55,2.22,2.97799993,251179918
861,2015-09-08 13:30:00+00:00,105.57,1.57,2.25,3.03800011,161283072
862,2015-09-14 13:30:00+00:00,105.35,1.62,2.3052,3.09200001,185591967
863,2015-09-21 13:30:00+00:00,102.92,1.5303,2.22,3.03999996,187891749
864,2015-09-28 13:30:00+00:00,104.01,1.4835,2.1702,2.96300006,233514442
865,2015-10-05 13:30:00+00:00,106.53,1.4371,2.14,2.96399999,177399501
866,2015-10-12 13:30:00+00:00,108.12,1.4019,2.08,2.91400003,139549143
867,2015-10-19 13:30:00+00:00,112.78,1.4264,2.0991,2.98799992,173325814
868,2015-10-26 13:30:00+00:00,113.33,1.5596,2.1841,2.97000003,151642953
869,2015-11-02 14:30:00+00:00,114.79,1.7655,2.35,3.02900004,126157332
870,2015-11-09 14:30:00+00:00,109.84,1.7472,2.3522,3.13899994,175713602
871,2015-11-16 14:30:00+00:00,114.48,1.6938,2.2788,3.10400009,146442263
872,2015-11-23 14:30:00+00:00,114.31,1.69,2.2513,3.0480001,70058513
873,2015-11-30 14:30:00+00:00,115.14,1.78,2.354,3.08400011,158868244
874,2015-12-07 14:30:00+00:00,110.79,1.6891,2.2424,3.03699994,191370790
875,2015-12-14 14:30:00+00:00,109.83,1.7489,2.2977,3.03600001,245885490
876,2015-12-21 14:30:00+00:00,112.59,1.7355,2.2654,3.05100012,90110289
877,2015-12-28 14:30:00+00:00,111.86,1.8264,2.3242,3.06200004,96316240
878,2016-01-04 14:30:00+00:00,104.01,1.7352,2.2436,3.03830004,262224228
879,2016-01-11 14:30:00+00:00,100.84,1.5972,2.1789,2.99000001,336518661
880,2016-01-19 14:30:00+00:00,103.77,1.51,2.09,2.86199999,247128730
881,2016-01-25 14:30:00+00:00,104.13,1.4914,2.0047,2.84829998,231436736
882,2016-02-01 14:30:00+00:00,98.12,1.3685,1.9529,2.7809999,259322888
883,2016-02-08 14:30:00+00:00,98.02,1.2161,1.7736,2.70099998,350898865
884,2016-02-16 14:30:00+00:00,101.63,1.2631,1.8156,2.71300006,149581746
885,2016-02-22 14:30:00+00:00,103.43,1.2625,1.7827,2.6710000000000003,154902236
886,2016-02-29 14:30:00+00:00,105.67,1.4028,1.903,2.7249999,151593521
887,2016-03-07 14:30:00+00:00,106.49,1.5038,1.9928,2.72900009,162258643
888,2016-03-14 13:30:00+00:00,107.37,1.4926,2.0019,2.75900006,150898627
889,2016-03-21 13:30:00+00:00,107.26,1.4341,1.9439,2.73699999,76058968
890,2016-03-28 13:30:00+00:00,110.36,1.4085,1.886,2.68600011,115499742
891,2016-04-04 13:30:00+00:00,109.0,1.2079,1.7741,2.62199998,113792087
892,2016-04-11 13:30:00+00:00,110.64,1.2597,1.8025,2.62700009,118245887
893,2016-04-18 13:30:00+00:00,108.98,1.37,1.8971,2.70900011,136975807
894,2016-04-25 13:30:00+00:00,105.72,1.4064,1.9316,2.76399994,163850955
895,2016-05-02 13:30:00+00:00,105.58,1.33,1.8777,2.72799993,142404385
896,2016-05-09 13:30:00+00:00,105.5,1.2567,1.7767,2.64400005,111690301
897,2016-05-16 13:30:00+00:00,106.47,1.42,1.87,2.68799996,133306670
898,2016-05-23 13:30:00+00:00,110.13,1.426,1.8699,2.67400002,125881704
899,2016-05-31 13:30:00+00:00,110.06,1.4229,1.8909,2.68799996,79904175
900,2016-06-06 13:30:00+00:00,108.94,1.2533,1.7384,2.56299996,89791994
901,2016-06-13 13:30:00+00:00,106.49,1.1394,1.6237,2.45499992,135895145
902,2016-06-20 13:30:00+00:00,104.29,1.4280000000000002,1.761,2.56299996,152818015
903,2016-06-27 13:30:00+00:00,108.08,1.0591,1.5262,2.41230011,165865252
904,2016-07-05 13:30:00+00:00,110.3,1.0224,1.4337,2.2197001,94366792
905,2016-07-11 13:30:00+00:00,111.8,1.1567,1.6021,2.26999998,102102709
906,2016-07-18 13:30:00+00:00,113.65,1.1446,1.6271,2.3599999,103537285
907,2016-07-25 13:30:00+00:00,115.23,1.1642,1.5936,2.31200004,101163025
908,2016-08-01 13:30:00+00:00,116.78,1.1444,1.5954,2.33200002,86311599
909,2016-08-08 13:30:00+00:00,117.2,1.1663,1.5928,2.33999991,72671879
910,2016-08-15 13:30:00+00:00,117.26,1.178,1.5935,2.3039999,70698788
911,2016-08-22 13:30:00+00:00,116.78,1.2438,1.6425,2.29999995,92389432
912,2016-08-29 13:30:00+00:00,117.12,1.2222,1.6238,2.29340005,86230909
913,2016-09-06 13:30:00+00:00,114.28,1.2323,1.6879,2.32800007,107010709
914,2016-09-12 13:30:00+00:00,117.29,1.2488,1.7289,2.5,180794715
915,2016-09-19 13:30:00+00:00,118.33,1.2279,1.7179,2.49399996,110676046
916,2016-09-26 13:30:00+00:00,118.72,1.1613,1.6169,2.34899998,104187342
917,2016-10-03 13:30:00+00:00,118.47,1.3016,1.7646,2.4690001,86908679
918,2016-10-10 13:30:00+00:00,117.14,1.296,1.8061,2.53200006,105863923
919,2016-10-17 13:30:00+00:00,118.15,1.2659,1.7678,2.58599997,81002317
920,2016-10-24 13:30:00+00:00,117.1,1.37,1.8785,2.63100004,114417560
921,2016-10-31 13:30:00+00:00,113.65,1.3083,1.8282,2.63100004,132410809
922,2016-11-07 14:30:00+00:00,115.8,1.5637,2.1558,2.95799994,231544169
923,2016-11-14 14:30:00+00:00,117.32,1.8109,2.3674,3.08019996,121267925
924,2016-11-21 14:30:00+00:00,118.8,1.9080000000000001,2.4174,3.05900002,69207927
925,2016-11-28 14:30:00+00:00,115.7,1.9355,2.4923,3.1559999,135110779
926,2016-12-05 14:30:00+00:00,119.5,1.8948,2.478,3.12199998,115777023
927,2016-12-12 14:30:00+00:00,119.6,2.1238,2.6422,3.21499991,155529402
928,2016-12-19 14:30:00+00:00,120.2,2.075,2.5992,3.18600011,65332223
929,2016-12-27 14:30:00+00:00,118.48,2.1788,2.5772,3.15400004,89102336
930,2017-01-03 14:30:00+00:00,121.93,2.0049,2.5180000000000002,3.1323,86775241
931,2017-01-09 14:30:00+00:00,123.16,1.9412,2.4332,3.0202,92325162
932,2017-01-17 14:30:00+00:00,123.25,1.9982,2.5140000000000002,3.0855,61839845
933,2017-01-23 14:30:00+00:00,125.8,2.0178,2.5545,3.1311,81216390
934,2017-01-30 14:30:00+00:00,125.68,1.9856,2.5167,3.1206,99018241
935,2017-02-06 14:30:00+00:00,127.38,1.9229,2.4807,3.0989,73198810
936,2017-02-13 14:30:00+00:00,129.81,2.0206,2.5238,3.108,84007001
937,2017-02-21 14:30:00+00:00,130.26,1.9524,2.4617,3.0644,66704016
938,2017-02-27 14:30:00+00:00,131.02,2.0598,2.5214,3.1060000000000003,88095215
939,2017-03-06 14:30:00+00:00,131.39,2.1497,2.6245,3.2038,86080977
940,2017-03-13 13:30:00+00:00,131.69,2.1487,2.6322,3.1805,87152223
941,2017-03-20 13:30:00+00:00,130.63,2.0293,2.5137,3.1249,118404211
942,2017-03-27 13:30:00+00:00,132.38,1.9838,2.4334,3.0479,91297078
943,2017-04-03 13:30:00+00:00,131.97,1.9409999999999998,2.4059,3.0349,104686744
944,2017-04-10 13:30:00+00:00,130.4,1.9362,2.3962,3.0188,89035850
945,2017-04-17 13:30:00+00:00,132.56,1.7896,2.2614,2.9187,88364270
946,2017-04-24 13:30:00+00:00,135.99,1.8757,2.3498,2.9979,106116358
947,2017-05-01 13:30:00+00:00,137.54,1.9196,2.3813,3.0210000000000004,100948861
948,2017-05-08 13:30:00+00:00,138.6,1.9529,2.4228,3.0599,109176106
949,2017-05-15 13:30:00+00:00,137.84,1.8782,2.3613,3.0249,175959493
950,2017-05-22 13:30:00+00:00,141.22,1.8441,2.2983,2.9528,95301230
951,2017-05-30 13:30:00+00:00,143.46,1.7935,2.2491,2.9136,110879435
952,2017-06-05 13:30:00+00:00,139.98,1.7937,2.2294,2.8831,192164103
953,2017-06-12 13:30:00+00:00,138.15,1.7954,2.2271,2.8865,318973324
954,2017-06-19 13:30:00+00:00,141.24,1.8030000000000002,2.2019,2.7955,162058406
955,2017-06-26 13:30:00+00:00,137.64,1.895,2.3094,2.8502,315463699
956,2017-07-03 13:30:00+00:00,137.76,1.9692,2.3981,2.9426,160314467
957,2017-07-10 13:30:00+00:00,142.12,1.9563,2.3963,2.9459,158035446
958,2017-07-17 13:30:00+00:00,144.11,1.8761,2.3373,2.9242,160680534
959,2017-07-24 13:30:00+00:00,143.84,1.8983,2.3416,2.9441,192123292
960,2017-07-31 13:30:00+00:00,143.65,1.8585,2.3219,2.9311,152353441
961,2017-08-07 13:30:00+00:00,142.1,1.8436,2.2909,2.8749,194107930
962,2017-08-14 13:30:00+00:00,141.23,1.8376,2.286,2.8706,222526122
963,2017-08-21 13:30:00+00:00,141.97,1.7943,2.2241,2.7935,163649282
964,2017-08-28 13:30:00+00:00,146.0,1.7725,2.1807,2.7818,134277490
965,2017-09-05 13:30:00+00:00,144.21,1.7268,2.1609,2.7710000000000004,126814531
966,2017-09-11 13:30:00+00:00,146.06,1.8139,2.2265,2.8095,167552672
967,2017-09-18 13:30:00+00:00,144.32,1.8945,2.2893,2.8362,130509785
968,2017-09-25 13:30:00+00:00,145.45,1.9542,2.3581,2.9009,185077709
969,2017-10-02 13:30:00+00:00,147.66,2.0035,2.4012,2.9356,128570933
970,2017-10-09 13:30:00+00:00,148.34,1.9719,2.3733,2.909,78290343
971,2017-10-16 13:30:00+00:00,148.71,2.0278,2.3917,2.9126,110019363
972,2017-10-23 13:30:00+00:00,151.24,2.0926,2.4793,2.9797,174161043
973,2017-10-30 13:30:00+00:00,153.27,2.0380000000000003,2.4156,2.929,144750957
974,2017-11-06 14:30:00+00:00,153.68,2.0598,2.4064,2.8906,128145742
975,2017-11-13 14:30:00+00:00,153.95,2.0924,2.4149,2.8833,126020536
976,2017-11-20 14:30:00+00:00,156.26,2.1162,2.3764,2.8014,66800579
977,2017-11-27 14:30:00+00:00,154.49,2.1719,2.4365,2.8695,235478340
978,2017-12-04 14:30:00+00:00,154.7,2.1754,2.4138,2.8053,181318999
979,2017-12-11 14:30:00+00:00,157.65,2.2004,2.4263,2.8085,139961092
980,2017-12-18 14:30:00+00:00,157.37,2.2575,2.5035,2.8849,139201208
981,2017-12-26 14:30:00+00:00,155.76,2.2653,2.4983,2.8545,102886693
982,2018-01-02 14:30:00+00:00,161.92,2.3003,2.4854,2.8273,113725294
983,2018-01-08 14:30:00+00:00,164.49,2.3819999999999997,2.5986,2.9466,140181763
984,2018-01-16 14:30:00+00:00,166.34,2.4542,2.6629,2.9364,140451482
985,2018-01-22 14:30:00+00:00,170.93,2.4836,2.6768,2.9553,179321555
986,2018-01-29 14:30:00+00:00,164.61,2.6222,2.8544,3.0989,231230693
987,2018-02-05 14:30:00+00:00,156.1,2.6121,2.885,3.1709,522959828
988,2018-02-12 14:30:00+00:00,164.96,2.6873,2.9447,3.1905,260833841
989,2018-02-20 14:30:00+00:00,168.17,2.6961,2.9574,3.2333,165118734
990,2018-02-26 14:30:00+00:00,165.99,2.6905,2.9241,3.2,258667832
991,2018-03-05 14:30:00+00:00,173.16,2.6781,2.9139999999999997,3.1786,166769458
992,2018-03-12 13:30:00+00:00,171.02,2.6722,2.9135,3.1744,193797387
993,2018-03-19 13:30:00+00:00,158.51,2.7345,2.9374,3.1575,296051948
994,2018-03-26 13:30:00+00:00,160.13,2.6537,2.8611,3.1010000000000004,294432829
995,2018-04-02 13:30:00+00:00,156.63,2.6464,2.8384,3.0783,318333917
996,2018-04-09 13:30:00+00:00,161.37,2.6922,2.8492,3.0526,207106623
997,2018-04-16 13:30:00+00:00,162.3,2.8051,2.9658,3.1505,177193579
998,2018-04-23 13:30:00+00:00,162.09,2.8564,3.0362,3.2203,249435658
999,2018-04-30 13:30:00+00:00,164.87,2.8369999999999997,2.9977,3.1605,212656021
1000,2018-05-07 13:30:00+00:00,169.46,2.8483,3.015,3.1674,139419484
1001,2018-05-14 13:30:00+00:00,167.46,2.9582,3.1293,3.2639,147822649
1002,2018-05-21 13:30:00+00:00,169.72,2.9182,3.0841,3.2199,124147196
1003,2018-05-29 13:30:00+00:00,172.74,2.7719,2.9268,3.0789999999999997,145100581
1004,2018-06-04 13:30:00+00:00,174.44,2.8312,2.997,3.1519,141656229
1005,2018-06-11 13:30:00+00:00,176.98,2.8689,3.0064,3.1211,168221833
1006,2018-06-18 13:30:00+00:00,175.32,2.8214,2.9508,3.0879,176449854
1007,2018-06-25 13:30:00+00:00,171.65,2.7719,2.9027,3.0453,252467540
1008,2018-07-02 13:30:00+00:00,175.61,2.7744,2.8867,3.008,125914505
1009,2018-07-09 13:30:00+00:00,179.61,2.7749,2.8757,2.9747,137543182
1010,2018-07-16 13:30:00+00:00,178.99,2.7911,2.9014,3.0329,142661988
1011,2018-07-23 13:30:00+00:00,177.62,2.8716,2.9876,3.1105,195436657
1012,2018-07-30 13:30:00+00:00,180.08,2.8878,3.0157,3.1474,220692724
1013,2018-08-06 13:30:00+00:00,180.52,2.8499,2.987,3.1323,130056538
1014,2018-08-13 13:30:00+00:00,179.86,2.7779,2.9067,3.0707,169334634
1015,2018-08-20 13:30:00+00:00,182.48,2.7523,2.8709,3.0311,118152272
1016,2018-08-27 13:30:00+00:00,186.65,2.7913,2.8989999999999996,3.0417,136764880
1017,2018-09-04 13:30:00+00:00,181.11,2.8287,2.9488,3.111,164407761
1018,2018-09-10 13:30:00+00:00,183.99,2.9075,3.0042,3.1438,154809730
1019,2018-09-17 13:30:00+00:00,183.71,2.9792,3.0966,3.2486,168693094
1020,2018-09-24 13:30:00+00:00,185.79,2.9927,3.1151,3.2489,157623805
1021,2018-10-01 13:30:00+00:00,180.15,3.0916,3.2475,3.4244,246001501
1022,2018-10-08 13:30:00+00:00,174.32,3.0875,3.2495,3.43,475596333
1023,2018-10-15 13:30:00+00:00,173.02,3.0745,3.2184,3.3938,369262523
1024,2018-10-22 13:30:00+00:00,166.66,3.0636,3.2092,3.3925,447925680
1025,2018-10-29 13:30:00+00:00,169.38,3.045,3.2236,3.4656,406958137
1026,2018-11-05 14:30:00+00:00,171.52,3.0984,3.2517,3.4646,216052785
1027,2018-11-12 14:30:00+00:00,167.5,3.0399,3.19,3.3954,340622188
1028,2018-11-19 14:30:00+00:00,159.21,2.9192,3.0961,3.3598,236402840
1029,2018-11-26 14:30:00+00:00,169.37,2.9081,3.0786,3.3523,230370153
1030,2018-12-03 14:30:00+00:00,161.38,2.8876,3.0506,3.3510000000000004,273514140
1031,2018-12-10 14:30:00+00:00,161.08,2.7781,2.9213,3.1726,289724329
1032,2018-12-17 14:30:00+00:00,147.57,2.7415,2.8993,3.1504,460464199
1033,2018-12-24 14:30:00+00:00,152.97,2.6737,2.8187,3.0703,318826322
1034,2018-12-31 14:30:00+00:00,156.23,2.573,2.7452,3.0515,261121530
1035,2019-01-07 14:30:00+00:00,160.69,2.5979,2.7489,3.0685,217059829
1036,2019-01-14 14:30:00+00:00,165.25,2.6358,2.7986,3.1101,201908850
1037,2019-01-22 14:30:00+00:00,165.15,2.6146,2.78,3.1007,163697176
1038,2019-01-28 14:30:00+00:00,167.45,2.6111,2.7674,3.0755,175023957
1039,2019-02-04 14:30:00+00:00,168.56,2.5512,2.7414,3.0744,153902095
1040,2019-02-11 14:30:00+00:00,171.94,2.5378,2.7165,3.0453,140098812
1041,2019-02-19 14:30:00+00:00,172.89,2.5218,2.6995,3.0535,105023433
1042,2019-02-25 14:30:00+00:00,174.39,2.5671,2.7654,3.137,136227111
1043,2019-03-04 14:30:00+00:00,171.17,2.5723,2.7731,3.1382,166288570
1044,2019-03-11 13:30:00+00:00,178.35,2.4767,2.6749,3.0638,168841478
1045,2019-03-18 13:30:00+00:00,178.56,2.4389,2.6339,3.0521,233156486
1046,2019-03-25 13:30:00+00:00,179.66,2.2729,2.4731,2.9139999999999997,182255088
1047,2019-04-01 13:30:00+00:00,184.66,2.3515,2.5446,2.952,139453587
1048,2019-04-08 13:30:00+00:00,185.83,2.3886,2.5751,2.9824,118535617
1049,2019-04-15 13:30:00+00:00,187.39,2.4315,2.6162,3.0112,106501194
1050,2019-04-22 13:30:00+00:00,190.65,2.3932,2.5948,3.0015,132455736
1051,2019-04-29 13:30:00+00:00,191.11,2.3871,2.5798,2.9746,162504930
1052,2019-05-06 13:30:00+00:00,185.0,2.2992,2.5038,2.9104,248233300
1053,2019-05-13 13:30:00+00:00,183.04,2.2374,2.4472,2.8701,235474382
1054,2019-05-20 13:30:00+00:00,178.16,2.2398,2.4415,2.8543,165809210
1055,2019-05-28 13:30:00+00:00,173.95,2.1305,2.3189,2.7508,142743591
1056,2019-06-03 13:30:00+00:00,181.04,1.9216,2.1474,2.6491,233854385
1057,2019-06-10 13:30:00+00:00,182.64,1.9469,2.1787,2.6564,156963638
1058,2019-06-17 13:30:00+00:00,188.57,1.8778,2.1163,2.6138,181132014
1059,2019-06-24 13:30:00+00:00,186.74,1.8363,2.0689,2.596,116780514
1060,2019-07-01 13:30:00+00:00,191.05,1.8639,2.0697,2.5752,86436848
1061,2019-07-08 13:30:00+00:00,193.53,1.9205,2.1503,2.6773,109114841
1062,2019-07-15 13:30:00+00:00,191.01,1.9035,2.1437,2.6657,111016315
1063,2019-07-22 13:30:00+00:00,195.29,1.8882,2.1007,2.6325,107029181
1064,2019-07-29 13:30:00+00:00,187.35,1.9039,2.0771,2.5969,199249785
1065,2019-08-05 13:30:00+00:00,186.49,1.6729,1.8587,2.3943,238954816
1066,2019-08-12 13:30:00+00:00,185.48,1.6021,1.7516,2.2992,187749645
1067,2019-08-19 13:30:00+00:00,182.07,1.5442,1.6642,2.1578,142967077
1068,2019-08-26 13:30:00+00:00,187.47,1.4368,1.5498,2.0451,129378676
1069,2019-09-03 13:30:00+00:00,191.59,1.4780000000000002,1.607,2.0979,103251767
1070,2019-09-09 13:30:00+00:00,192.54,1.7641,1.9073,2.3812,129575557
1071,2019-09-16 13:30:00+00:00,190.8,1.7543,1.8814,2.3838,128952119
1072,2019-09-23 13:30:00+00:00,187.03,1.6413,1.7662,2.2128,168347619
1073,2019-09-30 13:30:00+00:00,188.81,1.6251,1.7561,2.2041,180521831
1074,2019-10-07 13:30:00+00:00,191.11,1.5937,1.7674,2.24,143558218
1075,2019-10-14 13:30:00+00:00,191.69,1.6236,1.7995,2.2724,106678697
1076,2019-10-21 13:30:00+00:00,195.64,1.6446,1.8145,2.2995,94827596
1077,2019-10-28 13:30:00+00:00,198.87,1.6865,1.8615,2.3532,108109967
1078,2019-11-04 14:30:00+00:00,201.23,1.7824,1.9718,2.4435,86895076
1079,2019-11-11 14:30:00+00:00,202.91,1.7582,1.9482,2.4284,76566051
1080,2019-11-18 14:30:00+00:00,201.83,1.6742,1.8576,2.3372,107244012
1081,2019-11-25 14:30:00+00:00,205.1,1.6532,1.7964,2.2425,59522425
1082,2019-12-02 14:30:00+00:00,205.0,1.6956,1.8641,2.3019,106484210
1083,2019-12-09 14:30:00+00:00,207.19,1.7591,1.9180000000000001,2.3507,120018666
1084,2019-12-16 14:30:00+00:00,211.71,1.7642,1.9521,2.3803,98474648
1085,2019-12-23 14:30:00+00:00,213.61,1.77,1.9489,2.3762,66189240
1086,2019-12-30 14:30:00+00:00,214.18,1.7287,1.9479,2.3948,98579059
1087,2020-01-06 14:30:00+00:00,218.43,1.6932,1.8997,2.3821,116868117
1088,2020-01-13 14:30:00+00:00,223.38,1.6676,1.8638,2.323,116291652
1089,2020-01-21 14:30:00+00:00,222.7,1.6235,1.8259,2.286,105815263
1090,2020-01-27 14:30:00+00:00,219.07,1.5088,1.69,2.1359,189643347
1091,2020-02-03 14:30:00+00:00,229.2,1.5007,1.6859,2.1592,143046345
1092,2020-02-10 14:30:00+00:00,234.64,1.451077,1.641132,2.101091,122359872
1093,2020-02-18 14:30:00+00:00,230.27,1.427491,1.587019,2.033875,155414333
1094,2020-02-24 14:30:00+00:00,205.8,1.328967,1.475164,1.917459,533735221
1095,2020-03-02 14:30:00+00:00,208.02,0.9523,1.1751,1.7459,486507550
1096,2020-03-09 13:30:00+00:00,192.34,0.7685,1.0197,1.8073,578894681
1097,2020-03-16 13:30:00+00:00,170.7,0.8335,1.2756,1.9304,567348186
1098,2020-03-23 13:30:00+00:00,185.3,0.5523,0.8959,1.5265,447009015
1099,2020-03-30 13:30:00+00:00,183.37,0.4194,0.7343,1.3632,269684545
1100,2020-04-06 13:30:00+00:00,200.86,0.5183,0.7886,1.3999,248932364
1101,2020-04-13 13:30:00+00:00,215.29,0.4609,0.7761,1.4171,281370049
1102,2020-04-20 13:30:00+00:00,213.84,0.3888,0.6529,1.2775,228952578
1103,2020-04-27 13:30:00+00:00,212.74,0.4153,0.6732,1.3015,224185364
1104,2020-05-04 13:30:00+00:00,224.86,0.4051,0.7429,1.4445,177668565
1105,2020-05-11 13:30:00+00:00,223.27,0.3742,0.7279,1.4479,249586012
1106,2020-05-18 13:30:00+00:00,229.66,0.379,0.7437,1.4654,188657151
1107,2020-05-26 13:30:00+00:00,233.36,0.379,0.7292,1.4847,182607985
1108,2020-06-01 13:30:00+00:00,239.69,0.5093,0.9542,1.7618,182833907
1109,2020-06-08 13:30:00+00:00,235.88,0.485,0.9312,1.7251,271022198
1110,2020-06-15 13:30:00+00:00,244.24,0.3685,0.7842,1.5785,208947494
1111,2020-06-22 13:30:00+00:00,240.22,0.3539,0.7329,1.5119,192633787
1112,2020-06-29 13:30:00+00:00,252.19,0.3227,0.7129,1.473,139932729
1113,2020-07-06 13:30:00+00:00,263.97,0.3136,0.7101,1.482,174791717
1114,2020-07-13 13:30:00+00:00,259.42,0.3052,0.6648,1.3675,273594453
1115,2020-07-20 13:30:00+00:00,255.56,0.2819,0.6328,1.3357,219336688
1116,2020-07-27 13:30:00+00:00,265.79,0.2996,0.6365,1.2891,190835630
1117,2020-08-03 13:30:00+00:00,271.47,0.2389,0.5723,1.2568,151696353
1118,2020-08-10 13:30:00+00:00,272.16,0.3294,0.7269,1.4501,179782179
1119,2020-08-17 13:30:00+00:00,281.87,0.2961,0.7012,1.4491,142804136
1120,2020-08-24 13:30:00+00:00,292.53,0.3288,0.7851,1.5563,191005546
1121,2020-08-31 13:30:00+00:00,283.58,0.3054,0.7474,1.5282,357595828
1122,2020-09-08 13:30:00+00:00,270.45,0.3022,0.723,1.4945,305882993
1123,2020-09-14 13:30:00+00:00,266.87,0.2882,0.7003,1.4662,290632707
1124,2020-09-21 13:30:00+00:00,271.56,0.2883,0.6986,1.4604,273008806
1125,2020-09-28 13:30:00+00:00,274.31,0.3005,0.7186,1.4973,260515623
1126,2020-10-05 13:30:00+00:00,285.71,0.3498,0.797,1.6091,161072911
1127,2020-10-12 13:30:00+00:00,288.51,0.3405,0.777,1.5765,263876794
1128,2020-10-19 13:30:00+00:00,284.74,0.3843,0.8716,1.6903,155112956
1129,2020-10-26 13:30:00+00:00,269.38,0.3875,0.8788,1.666,231575935
1130,2020-11-02 14:30:00+00:00,294.61,0.4243,0.9299,1.7137,252333710
1131,2020-11-09 14:30:00+00:00,290.93,0.4618,0.9823,1.7643,251062288
1132,2020-11-16 14:30:00+00:00,290.38,0.4207,0.9291,1.6896,128707173
1133,2020-11-23 14:30:00+00:00,299.01,0.4066,0.898,1.6336,91882320
1134,2020-11-30 14:30:00+00:00,305.52,0.4336,0.9842,1.7494,121259683
1135,2020-12-07 14:30:00+00:00,307.35,0.4163,0.9593,1.7235,48154120
