,date,close,"US05Y, TVC: Close","US10Y, TVC: Close","US30Y, TVC: Close",Volume
0,1999-03-08 14:30:00+00:00,50.0625,5.13399982,5.14699984,5.56400013,23664406
1,1999-03-15 14:30:00+00:00,51.21875,5.01000023,5.18100023,5.48699999,27248600
2,1999-03-22 14:30:00+00:00,51.75,5.10599995,5.20800018,5.58699989,40824202
3,1999-03-29 14:30:00+00:00,53.5625,5.13700008,5.27600002,5.67799997,27026798
4,1999-04-05 13:30:00+00:00,55.8125,4.93900013,5.05700016,5.44500017,38042402
5,1999-04-12 13:30:00+00:00,51.96875,5.05800009,5.21899986,5.52899981,77074602
6,1999-04-19 13:30:00+00:00,55.3125,5.14099979,5.25,5.60500002,68509604
7,1999-04-26 13:30:00+00:00,53.71875,5.09000015,5.3499999,5.52899981,64024004
8,1999-05-03 13:30:00+00:00,52.96875,5.35599995,5.53999996,5.78999996,70784592
9,1999-05-10 13:30:00+00:00,53.40625,5.29300022,5.62799978,5.75199986,53981796
10,1999-05-17 13:30:00+00:00,52.875,5.52600002,5.51200008,5.82999992,43628994
11,1999-05-24 13:30:00+00:00,52.03125,5.59200001,5.62400007,5.85400009,90417592
12,1999-05-31 13:30:00+00:00,52.5625,5.73400021,5.80900002,5.95800018,43091802
13,1999-06-07 13:30:00+00:00,51.78125,5.84000015,6.03700018,6.04699993,53970994
14,1999-06-14 13:30:00+00:00,55.0625,5.67000008,5.82700014,5.96099997,60015800
15,1999-06-21 13:30:00+00:00,54.6875,5.90399981,6.01599979,6.16099977,54659398
16,1999-06-28 13:30:00+00:00,58.75,5.71000004,5.83599997,6.01300001,46258800
17,1999-07-05 13:30:00+00:00,59.84375,5.68100023,5.83199978,5.99599981,34730996
18,1999-07-12 13:30:00+00:00,61.375,5.61399984,5.671,5.92000008,32409200
19,1999-07-19 13:30:00+00:00,57.28125,5.63800001,5.84200001,5.97200012,59914194
20,1999-07-26 13:30:00+00:00,56.59375,5.76900005,5.90199995,6.0710001,58595786
21,1999-08-02 13:30:00+00:00,55.328125,5.7249999,6.03800011,6.04199982,66962408
22,1999-08-09 13:30:00+00:00,57.65625,5.97100019,5.97900009,6.27699995,64909604
23,1999-08-16 13:30:00+00:00,57.96875,5.80999994,5.86999989,6.03200006,46992796
24,1999-08-23 13:30:00+00:00,59.875,5.67799997,5.86100006,5.90100002,54283796
25,1999-08-30 13:30:00+00:00,62.65625,5.88100004,5.88600016,6.12699986,64262602
26,1999-09-06 13:30:00+00:00,63.125,5.83599997,5.90199995,6.09000015,46241000
27,1999-09-13 13:30:00+00:00,63.3125,5.76200008,5.86899996,6.079,63236800
28,1999-09-20 13:30:00+00:00,60.078125,5.67999983,5.77299976,5.99100018,74231588
29,1999-09-27 13:30:00+00:00,60.210935,5.75199986,5.97300005,6.04899979,85999398
30,1999-10-04 13:30:00+00:00,63.75781,5.96799994,6.03700018,6.18400002,95595612
31,1999-10-11 13:30:00+00:00,59.875,6.07299995,6.07499981,6.32800007,111602804
32,1999-10-18 13:30:00+00:00,61.96875,6.09600019,6.1960001,6.35200024,112902592
33,1999-10-25 13:30:00+00:00,65.75,6.03499985,6.02799988,6.25199986,75724796
34,1999-11-01 14:30:00+00:00,68.1875,5.89099979,5.92600012,6.10099983,76452398
35,1999-11-08 14:30:00+00:00,72.1875,5.91200018,5.92999983,6.09000015,89229592
36,1999-11-15 14:30:00+00:00,75.78125,5.98500013,6.06699991,6.16800022,87397592
37,1999-11-22 14:30:00+00:00,77.6875,6.02199984,6.11899996,6.20800018,69552200
38,1999-11-29 14:30:00+00:00,79.125,6.15600014,6.16699982,6.31899977,106062602
39,1999-12-06 14:30:00+00:00,79.5,6.03700018,6.07200003,6.21700001,107850398
40,1999-12-13 14:30:00+00:00,83.78125,6.19500017,6.29099989,6.39099979,126875806
41,1999-12-20 14:30:00+00:00,89.65625,6.32499981,6.08500004,6.48999977,81250398
42,1999-12-27 14:30:00+00:00,91.375,6.25,6.43499994,6.42299986,87480796
43,2000-01-03 14:30:00+00:00,88.5,6.41900015,6.51300001,6.55499983,177778006
44,2000-01-10 14:30:00+00:00,92.6875,6.53000021,6.688000200000001,6.65399981,138293214
45,2000-01-18 14:30:00+00:00,96.25,6.66499996,6.77199984,6.73999977,80396408
46,2000-01-24 14:30:00+00:00,85.75,6.67500019,6.65799999,6.52299976,150744406
47,2000-01-31 14:30:00+00:00,96.90625,6.51300001,6.55800009,6.13600016,145812804
48,2000-02-07 14:30:00+00:00,99.0,6.76800013,6.59499979,6.42700005,118254204
49,2000-02-14 14:30:00+00:00,98.8125,6.73899984,6.4829998,6.22100019,134040592
50,2000-02-22 14:30:00+00:00,104.1875,6.55100012,6.33699989,6.13700008,150872806
51,2000-02-28 14:30:00+00:00,109.523435,6.59299994,6.37900019,6.132999900000001,151411206
52,2000-03-06 14:30:00+00:00,114.6875,6.55600023,6.38700008,6.15299988,166009970
53,2000-03-13 14:30:00+00:00,110.8125,6.47100019,6.204,6.03900003,214549820
54,2000-03-20 14:30:00+00:00,117.875,6.39300013,6.19099998,5.90999985,120219184
55,2000-03-27 14:30:00+00:00,109.5,6.33099985,6.00199986,5.87599993,130944183
56,2000-04-03 13:30:00+00:00,106.0,6.22100019,5.84499979,5.78700018,185878032
57,2000-04-10 13:30:00+00:00,79.75,6.20300007,5.86000013,5.79500008,203469904
58,2000-04-17 13:30:00+00:00,86.875,6.23999977,6.0,5.84700012,140968704
59,2000-04-24 13:30:00+00:00,94.5,6.51599979,6.21799994,5.98500013,147399200
60,2000-05-01 13:30:00+00:00,91.5,6.69199991,6.51100016,6.15700006,108413792
61,2000-05-08 13:30:00+00:00,84.6875,6.66800022,6.52400017,6.14300013,111050110
62,2000-05-15 13:30:00+00:00,81.6875,6.78000021,6.49800014,6.23000002,109349392
63,2000-05-22 13:30:00+00:00,77.6875,6.64099979,6.32700014,6.11399984,173084400
64,2000-05-30 13:30:00+00:00,93.25,6.43900013,6.16900015,5.9460001,121775712
65,2000-06-05 13:30:00+00:00,93.5625,6.36100006,6.12599993,5.8920002,105822320
66,2000-06-12 13:30:00+00:00,94.17187,6.26300001,5.98000002,5.92299986,101535285
67,2000-06-19 13:30:00+00:00,91.64062,6.31500006,6.18499994,5.96600008,107911408
68,2000-06-26 13:30:00+00:00,93.1875,6.19700003,6.02699995,5.87799978,92372414
69,2000-07-03 13:30:00+00:00,95.40625,6.17000008,6.01499987,5.90999985,61201600
70,2000-07-10 13:30:00+00:00,100.625,6.13100004,6.10099983,5.81799984,81669692
71,2000-07-17 13:30:00+00:00,97.3125,6.14599991,5.99800014,5.8119998,88301392
72,2000-07-24 13:30:00+00:00,86.8125,6.13000011,6.03599977,5.77199984,119800112
73,2000-07-31 13:30:00+00:00,90.0,6.07200003,5.90500021,5.73899984,124299386
74,2000-08-07 13:30:00+00:00,90.875,6.00500011,5.79099989,5.68100023,83976612
75,2000-08-14 13:30:00+00:00,95.14062,6.13700008,5.77699995,5.71199989,70685898
76,2000-08-21 13:30:00+00:00,98.375,6.00199986,5.7329998,5.65799999,74859507
77,2000-08-28 13:30:00+00:00,102.5,5.9749999,5.68499994,5.66499996,63397199
78,2000-09-05 13:30:00+00:00,94.875,5.95900011,5.73699999,5.71500015,76607306
79,2000-09-11 13:30:00+00:00,91.375,5.9380002,5.83699989,5.81799984,137741296
80,2000-09-18 13:30:00+00:00,92.9375,5.882999900000001,5.84800005,5.91200018,147265408
81,2000-09-25 13:30:00+00:00,88.6875,5.87099981,5.80800009,5.88600016,130066016
82,2000-10-02 13:30:00+00:00,83.0,5.89300013,5.8210001,5.89599991,158147904
83,2000-10-09 13:30:00+00:00,81.25,5.68499994,5.73199987,5.81799984,208200592
84,2000-10-16 13:30:00+00:00,86.3125,5.67600012,5.63800001,5.75,227621600
85,2000-10-23 13:30:00+00:00,79.71875,5.76100016,5.72800016,5.7329998,230119104
86,2000-10-30 14:30:00+00:00,83.0625,5.79300022,5.82700014,5.78900003,180972096
87,2000-11-06 14:30:00+00:00,71.75,5.78299999,5.79699993,5.86399984,202328608
88,2000-11-13 14:30:00+00:00,72.82812,5.63899994,5.70599985,5.742000099999999,241399904
89,2000-11-20 14:30:00+00:00,70.4375,5.63700008,5.63700008,5.7329998,165583184
90,2000-11-27 14:30:00+00:00,64.0,5.44399977,5.51800013,5.60900021,282372768
91,2000-12-04 14:30:00+00:00,68.0,5.26399994,5.29899979,5.50400019,296251776
92,2000-12-11 14:30:00+00:00,63.875,5.17600012,5.17999983,5.44199991,235064800
93,2000-12-18 14:30:00+00:00,60.5,4.9460001,5.01399994,5.41300011,347735680
94,2000-12-26 14:30:00+00:00,58.375,5.01499987,5.11199999,5.44399977,151218304
95,2001-01-02 14:30:00+00:00,56.625,4.83300018,4.9289999,5.44299984,307969056
96,2001-01-08 14:30:00+00:00,62.73437,4.80800009,5.25500011,5.53999996,309281008
97,2001-01-16 14:30:00+00:00,66.3125,4.73500013,5.17000008,5.47700024,204669696
98,2001-01-22 14:30:00+00:00,65.54687,4.88800001,5.26599979,5.59399986,242223200
99,2001-01-29 14:30:00+00:00,61.55,4.75,5.15899992,5.46299982,226240416
100,2001-02-05 14:30:00+00:00,56.39999,4.89499998,5.03200006,5.53200006,243915728
101,2001-02-12 14:30:00+00:00,55.13,5.02699995,5.11100006,5.49100018,307012704
102,2001-02-20 14:30:00+00:00,51.179990000000004,4.89799976,5.10099983,5.52699995,324794144
103,2001-02-26 14:30:00+00:00,46.7,4.65500021,4.9460001,5.29699993,444901552
104,2001-03-05 14:30:00+00:00,45.10001,4.68400002,4.93900013,5.30700016,288786208
105,2001-03-12 14:30:00+00:00,41.10001,4.50299978,4.76800013,5.27600002,409704880
106,2001-03-19 14:30:00+00:00,42.8,4.4289999,4.8130002,5.26999998,479766832
107,2001-03-26 14:30:00+00:00,39.14999,4.65600014,4.91499996,5.49900007,348842208
108,2001-04-02 13:30:00+00:00,36.3,4.5710001,4.88999987,5.53200006,408197136
109,2001-04-09 13:30:00+00:00,42.8,4.70100021,5.17700005,5.617000099999999,318092256
110,2001-04-16 13:30:00+00:00,48.39999,4.84700012,5.29400015,5.78999996,479001456
111,2001-04-23 13:30:00+00:00,45.14999,4.71799994,5.32399988,5.70800018,364154816
112,2001-04-30 13:30:00+00:00,48.2,4.82200003,5.20900011,5.6420002,345673088
113,2001-05-07 13:30:00+00:00,45.55,4.77799988,5.44299984,5.76000023,273303600
114,2001-05-14 13:30:00+00:00,48.03999,4.98600006,5.40100002,5.76599979,307015088
115,2001-05-21 13:30:00+00:00,48.99001,5.04099989,5.50199986,5.84299994,326186176
116,2001-05-29 13:30:00+00:00,46.05,4.91200018,5.375,5.75600004,277837296
117,2001-06-04 13:30:00+00:00,47.35001,4.87099981,5.367000099999999,5.72399998,292730112
118,2001-06-11 13:30:00+00:00,42.60001,4.72900009,5.24300003,5.65100002,371450528
119,2001-06-18 13:30:00+00:00,43.25,4.66400003,5.12400007,5.625,339450496
120,2001-06-25 13:30:00+00:00,45.7,4.90999985,5.40399981,5.68100023,297291920
121,2001-07-02 13:30:00+00:00,41.64999,4.89400005,5.36199999,5.74100018,173435312
122,2001-07-09 13:30:00+00:00,43.14999,4.75099993,5.22800016,5.65399981,314331408
123,2001-07-16 13:30:00+00:00,41.64999,4.64499998,5.12699986,5.53200006,303360096
124,2001-07-23 13:30:00+00:00,41.95,4.63500023,5.09600019,5.579,311219440
125,2001-07-30 13:30:00+00:00,43.179990000000004,4.64599991,5.16400003,5.579,253691600
126,2001-08-06 13:30:00+00:00,40.28,4.59100008,4.98400021,5.53499985,280821584
127,2001-08-13 13:30:00+00:00,37.75999,4.53100014,4.84100008,5.47399998,283214800
128,2001-08-20 13:30:00+00:00,39.3,4.45200014,4.92799997,5.41200018,284597488
129,2001-08-27 13:30:00+00:00,36.63,4.38199997,4.84000015,5.38600016,305616288
130,2001-09-04 13:30:00+00:00,33.7,4.41499996,4.78800011,5.41900015,353630944
131,2001-09-10 13:30:00+00:00,34.10001,3.95099998,4.55999994,5.40500021,80367872
132,2001-09-17 13:30:00+00:00,28.19,3.8499999,4.69099998,5.62799978,483754448
133,2001-09-24 13:30:00+00:00,28.98,3.7420001000000003,4.59000015,5.44099998,384105216
134,2001-10-01 13:30:00+00:00,31.759990000000002,3.73699999,4.507999900000001,5.30299997,487780528
135,2001-10-08 13:30:00+00:00,34.55,3.89299989,4.67500019,5.40799999,428289712
136,2001-10-15 13:30:00+00:00,33.55,3.78900003,4.61999989,5.3210001,468692240
137,2001-10-22 13:30:00+00:00,36.00999,3.75699997,4.52099991,5.29699993,480660896
138,2001-10-29 14:30:00+00:00,35.60001,3.5250001,4.36399984,4.80100012,451961680
139,2001-11-05 14:30:00+00:00,37.73,3.59599996,4.31099987,4.86499977,444004064
140,2001-11-12 14:30:00+00:00,39.37,4.11299992,4.84800005,5.23799992,449898912
141,2001-11-19 14:30:00+00:00,39.28,4.1869998,5.01100016,5.3210001,242259536
142,2001-11-26 14:30:00+00:00,39.64999,4.099999899999999,4.75400019,5.242000099999999,426879760
143,2001-12-03 14:30:00+00:00,41.73,4.36199999,5.16499996,5.46099997,414825968
144,2001-12-10 14:30:00+00:00,40.11,4.35900021,5.19000006,5.51399994,360787568
145,2001-12-17 14:30:00+00:00,39.48,4.40899992,5.08599997,5.41499996,332119408
146,2001-12-24 14:30:00+00:00,40.33,4.39300013,5.11299992,5.47200012,123846606
147,2001-12-31 14:30:00+00:00,41.67,4.42999983,5.125,5.53499985,280508496
148,2002-01-07 14:30:00+00:00,40.85001,4.23400021,4.87200022,5.41599989,363485504
149,2002-01-14 14:30:00+00:00,38.59,4.15500021,4.89300013,5.40299988,385943088
150,2002-01-22 14:30:00+00:00,38.83,4.34600019,5.06899977,5.44399977,292766640
151,2002-01-28 14:30:00+00:00,38.14,4.37400007,4.98400021,5.4380002,363341712
152,2002-02-04 14:30:00+00:00,36.17,4.25600004,4.88100004,5.41099977,446293504
153,2002-02-11 14:30:00+00:00,35.78,4.26499987,4.86299992,5.41300011,327390416
154,2002-02-19 14:30:00+00:00,33.64999,4.18300009,4.83500004,5.36999989,388059312
155,2002-02-25 14:30:00+00:00,35.74001,4.20100021,4.98400021,5.41900015,460526448
156,2002-03-04 14:30:00+00:00,38.67,4.57200003,5.32499981,5.66099977,453942080
157,2002-03-11 14:30:00+00:00,37.23,4.76300001,5.33300018,5.83699989,359802496
158,2002-03-18 14:30:00+00:00,36.679990000000004,4.77899981,5.40299988,5.79199982,350943328
159,2002-03-25 14:30:00+00:00,36.06,4.76000023,5.40600014,5.76100016,304003088
160,2002-04-01 14:30:00+00:00,34.37,4.671,5.20699978,5.71500015,393232304
161,2002-04-08 13:30:00+00:00,33.52,4.56599998,5.15700006,5.67399979,410674064
162,2002-04-15 13:30:00+00:00,34.46001,4.51599979,5.20100021,5.69999981,364103264
163,2002-04-22 13:30:00+00:00,31.039990000000003,4.44099998,5.05800009,5.62599993,409988352
164,2002-04-29 13:30:00+00:00,29.740009999999998,4.40299988,5.05600023,5.58900023,468712352
165,2002-05-06 13:30:00+00:00,29.56,4.53700018,5.11899996,5.63600016,547402736
166,2002-05-13 13:30:00+00:00,32.929990000000004,4.53000021,5.25600004,5.68400002,579019296
167,2002-05-20 13:30:00+00:00,31.240009999999998,4.45300007,5.14599991,5.67000008,422200448
168,2002-05-28 13:30:00+00:00,30.039990000000003,4.329,5.04500008,5.59800005,314315296
169,2002-06-03 13:30:00+00:00,28.3,4.24399996,5.06500006,5.6079998,470081312
170,2002-06-10 13:30:00+00:00,27.62,4.17600012,4.80100012,5.49599981,530447680
171,2002-06-17 13:30:00+00:00,25.82001,4.07999992,4.76399994,5.42799997,483096672
172,2002-06-24 13:30:00+00:00,26.10001,4.0630002,4.80900002,5.51599979,634684320
173,2002-07-01 13:30:00+00:00,26.34,4.00299978,4.86199999,5.44199991,334240832
174,2002-07-08 13:30:00+00:00,24.8,3.84100008,4.57399988,5.37300014,603944528
175,2002-07-15 13:30:00+00:00,23.99001,3.77399993,4.51800013,5.40799999,685497264
176,2002-07-22 13:30:00+00:00,22.67,3.44899988,4.38600016,5.29899979,737279248
177,2002-07-29 13:30:00+00:00,22.25,3.38700008,4.29500008,5.28999996,479823552
178,2002-08-05 13:30:00+00:00,23.33,3.35299993,4.257999900000001,5.22599983,531195792
179,2002-08-12 13:30:00+00:00,24.7,3.29200006,4.32700014,4.98099995,470019760
180,2002-08-19 13:30:00+00:00,25.14999,3.38400006,4.23799992,5.09499979,422946624
181,2002-08-26 13:30:00+00:00,23.49001,3.25,4.13000011,4.96299982,447957664
182,2002-09-03 13:30:00+00:00,22.85001,2.9539999999999997,4.01499987,4.78399992,342887376
183,2002-09-09 13:30:00+00:00,22.99001,3.0460000000000003,3.90799999,4.81799984,371641072
184,2002-09-16 13:30:00+00:00,21.67,2.83699989,3.78399992,4.70699978,404799424
185,2002-09-23 13:30:00+00:00,21.31,2.81999993,3.66300011,4.72900009,459006752
186,2002-09-30 13:30:00+00:00,20.35001,2.68799996,3.66899991,4.73500013,444721696
187,2002-10-07 13:30:00+00:00,22.22,2.63199997,3.8039998999999995,4.71700001,511662080
188,2002-10-14 13:30:00+00:00,23.81,3.22199988,4.10900021,5.11600018,475578320
189,2002-10-21 13:30:00+00:00,24.62,3.09200001,4.09700012,5.08699989,424960064
190,2002-10-28 14:30:00+00:00,25.25,2.81100011,4.00500011,4.98999977,452349248
191,2002-11-04 14:30:00+00:00,25.07001,2.86199999,3.84299994,4.88700008,466707008
192,2002-11-11 14:30:00+00:00,26.44,3.02699995,4.03200006,4.95499992,438373760
193,2002-11-18 14:30:00+00:00,27.72,3.21099997,4.18300009,5.02699995,420195200
194,2002-11-25 14:30:00+00:00,27.72,3.31599998,4.21099997,4.93900013,261103552
195,2002-12-02 14:30:00+00:00,26.47,3.18499994,4.08900023,4.99100018,459995120
196,2002-12-09 14:30:00+00:00,25.03999,3.01900005,4.0710001,4.89699984,344950736
197,2002-12-16 14:30:00+00:00,25.32001,2.87599993,3.96399999,4.89400005,352477920
198,2002-12-23 14:30:00+00:00,24.82001,2.8289999999999997,3.81100011,4.86299992,139134318
199,2002-12-30 14:30:00+00:00,25.67999,2.97900009,4.01900005,4.93400002,208883120
200,2003-01-06 14:30:00+00:00,27.100009999999997,3.16799998,4.13999987,5.05200005,389300192
201,2003-01-13 14:30:00+00:00,25.31,3.0480001,4.0170002,4.97399998,322817712
202,2003-01-21 14:30:00+00:00,24.82001,2.89400005,3.93700004,4.88899994,302233328
203,2003-01-27 14:30:00+00:00,24.44,2.92499995,3.96600008,4.87699986,398740976
204,2003-02-03 14:30:00+00:00,23.81,2.93199992,3.93199992,4.8130002,378800320
205,2003-02-10 14:30:00+00:00,24.49001,2.85700011,3.96300006,4.81099987,342750640
206,2003-02-18 14:30:00+00:00,25.17,2.84800005,3.89299989,4.81099987,249932880
207,2003-02-24 14:30:00+00:00,25.16,2.73699999,3.69199991,4.73199987,308602464
208,2003-03-03 14:30:00+00:00,24.53999,2.60299993,3.64400005,4.69099998,318619424
209,2003-03-10 14:30:00+00:00,25.72,2.727,3.70099998,4.70900011,407269680
210,2003-03-17 14:30:00+00:00,27.17,2.92400002,4.1079998,4.93300009,516256176
211,2003-03-24 14:30:00+00:00,26.08,2.87400007,3.90300012,4.93300009,341713584
212,2003-03-31 14:30:00+00:00,26.05,2.81299996,3.95499992,4.93200016,375655888
213,2003-04-07 13:30:00+00:00,25.50999,2.85700011,3.97399998,4.94000006,339932688
214,2003-04-14 13:30:00+00:00,26.820009999999996,2.90199995,3.95900011,4.92399979,259066096
215,2003-04-21 13:30:00+00:00,26.95,2.85500002,3.8900001000000004,4.82299995,330100848
216,2003-04-28 13:30:00+00:00,28.28,2.75099993,3.92700005,4.77699995,351568624
217,2003-05-05 13:30:00+00:00,28.41,2.62400007,3.68199992,4.68599987,367585552
218,2003-05-12 13:30:00+00:00,28.7,2.53800011,3.4210000000000003,4.47300005,328144400
219,2003-05-19 13:30:00+00:00,28.100009999999997,2.31100011,3.33500004,4.29300022,328297760
220,2003-05-27 13:30:00+00:00,29.789990000000003,2.25999999,3.37299991,4.36199999,353767520
221,2003-06-02 13:30:00+00:00,30.13,2.22900009,3.35400009,4.36399984,519088944
222,2003-06-09 13:30:00+00:00,29.960009999999997,2.08100009,3.11599994,4.21999979,415228624
223,2003-06-16 13:30:00+00:00,30.38,2.24600005,3.3670001000000003,4.40700006,370667264
224,2003-06-23 13:30:00+00:00,29.83,2.44000006,3.54500008,4.53499985,425804928
225,2003-06-30 13:30:00+00:00,30.58,2.4289999,3.65499997,4.58400011,310046992
226,2003-07-07 13:30:00+00:00,31.84,2.52800012,3.62899995,4.69999981,431852368
227,2003-07-14 13:30:00+00:00,31.28,2.82299995,4.00199986,4.89799976,433466768
228,2003-07-21 13:30:00+00:00,31.8,2.98300004,4.17799997,5.09299994,439403136
229,2003-07-28 13:30:00+00:00,31.460009999999997,3.21300006,4.38999987,5.33799982,352743696
230,2003-08-04 13:30:00+00:00,30.070009999999996,3.1960001,4.26999998,5.2329998,438529072
231,2003-08-11 13:30:00+00:00,31.17,3.38199997,4.53000021,5.41699982,260901392
232,2003-08-18 13:30:00+00:00,32.44,3.45099998,4.48000002,5.27899981,364311984
233,2003-08-25 13:30:00+00:00,33.39,3.40499997,4.46999979,5.22599983,278819024
234,2003-09-02 13:30:00+00:00,33.94,3.47099996,4.3499999,5.30999994,320712112
235,2003-09-08 13:30:00+00:00,33.820009999999996,3.25399995,4.25,5.20800018,471073200
236,2003-09-15 13:30:00+00:00,34.58,3.08400011,4.15999985,5.07700014,383523376
237,2003-09-22 13:30:00+00:00,32.58,3.03600001,4.0,4.99599981,515609616
238,2003-09-29 13:30:00+00:00,34.19,2.79999995,4.19999981,4.8920002,520006880
239,2003-10-06 13:30:00+00:00,35.00999,3.10599995,4.25500011,5.1500001,387526336
240,2003-10-13 13:30:00+00:00,34.61,3.24499989,4.39400005,5.24399996,395087264
241,2003-10-20 13:30:00+00:00,34.2,3.10800004,4.25099993,5.1079998,441172432
242,2003-10-27 14:30:00+00:00,35.179990000000004,3.17600012,4.29699993,5.09100008,395901184
243,2003-11-03 14:30:00+00:00,35.63,3.30599999,4.44099998,5.16800022,353915696
244,2003-11-10 14:30:00+00:00,35.03999,3.2750001,4.22300005,5.0999999,381409056
245,2003-11-17 14:30:00+00:00,34.23199,3.11100006,4.16200018,5.00899982,502881360
246,2003-11-24 14:30:00+00:00,35.38,3.16100001,4.33400011,5.01100016,262438240
247,2003-12-01 14:30:00+00:00,35.03999,3.3829998999999997,4.23400021,5.14900017,445796032
248,2003-12-08 14:30:00+00:00,35.24001,3.20600009,4.242000099999999,5.10099983,481340176
249,2003-12-15 14:30:00+00:00,35.46001,3.13000011,4.13600016,4.94000006,444500496
250,2003-12-22 14:30:00+00:00,35.85001,3.17400002,4.15299988,4.97800016,200999104
251,2003-12-29 14:30:00+00:00,36.36,3.21600008,4.37400007,5.04300022,227416608
252,2004-01-05 14:30:00+00:00,37.73,3.23200011,4.08400011,5.06799984,374256432
253,2004-01-12 14:30:00+00:00,38.570009999999996,2.90899992,4.02899981,4.85500002,421682752
254,2004-01-20 14:30:00+00:00,38.00999,2.94000006,4.09000015,4.84299994,374084000
255,2004-01-26 14:30:00+00:00,37.070009999999996,3.18899989,4.13399982,5.00299978,538470144
256,2004-02-02 14:30:00+00:00,37.131,3.18400002,4.08099985,4.98500013,482540384
257,2004-02-09 14:30:00+00:00,36.94,3.05800009,4.05299997,4.93300009,377789360
258,2004-02-17 14:30:00+00:00,36.86,3.0,4.10599995,4.89599991,374140064
259,2004-02-23 14:30:00+00:00,36.570009999999996,2.95900011,3.97199988,4.88500023,495298880
260,2004-03-01 14:30:00+00:00,36.63,2.98900008,3.85500002,4.875,439573520
261,2004-03-08 14:30:00+00:00,35.50999,2.66199994,3.78699994,4.63700008,644170192
262,2004-03-15 14:30:00+00:00,34.75,2.71199989,3.773,4.65100002,543068128
263,2004-03-22 14:30:00+00:00,35.22,2.65899992,3.83699989,4.65899992,600237392
264,2004-03-29 14:30:00+00:00,37.10001,2.77399993,4.14499998,4.77099991,524930624
265,2004-04-05 13:30:00+00:00,36.94,3.14400005,4.19299984,4.97599983,334425424
266,2004-04-12 13:30:00+00:00,36.09,3.38700008,4.34399986,5.14300013,504432176
267,2004-04-19 13:30:00+00:00,37.21001,3.45900011,4.46799994,5.19700003,554672016
268,2004-04-26 13:30:00+00:00,34.77,3.5539998999999995,4.51000023,5.23899984,581799072
269,2004-05-03 13:30:00+00:00,34.97,3.7039999999999997,4.7750001,5.36999989,581287120
270,2004-05-10 13:30:00+00:00,34.75,3.90400004,4.77199984,5.51800013,747624016
271,2004-05-17 13:30:00+00:00,35.019,3.81599998,4.76000023,5.42000008,595685744
272,2004-05-24 13:30:00+00:00,36.55,3.73900008,4.66499996,5.31799984,507027168
273,2004-06-01 13:30:00+00:00,36.19,3.90100002,4.77400017,5.40199995,383203808
274,2004-06-07 13:30:00+00:00,36.84,3.93300009,4.80100012,5.44899988,335638688
275,2004-06-14 13:30:00+00:00,36.44,3.91499996,4.71799994,5.35300016,399378864
276,2004-06-21 13:30:00+00:00,37.33,3.80500007,4.65199995,5.31400013,435818864
277,2004-06-28 13:30:00+00:00,36.820009999999996,3.75200009,4.46000004,5.28399992,456752304
278,2004-07-06 13:30:00+00:00,35.75,3.64199996,4.46000004,5.20200014,421527200
279,2004-07-12 13:30:00+00:00,34.67,3.66199994,4.35500002,5.19899988,494346992
280,2004-07-19 13:30:00+00:00,34.21001,3.68400002,4.43200016,5.18300009,602629504
281,2004-07-26 13:30:00+00:00,34.89,3.78999996,4.49100018,5.30000019,553765872
282,2004-08-02 13:30:00+00:00,32.72,3.61100006,4.22700024,5.16200018,512876496
283,2004-08-09 13:30:00+00:00,32.52,3.48099995,4.23199987,5.04099989,511766992
284,2004-08-16 13:30:00+00:00,34.00999,3.3829998999999997,4.29099989,5.02400017,474367376
285,2004-08-23 13:30:00+00:00,34.56,3.3210001000000005,4.19199991,5.007999900000001,375298544
286,2004-08-30 13:30:00+00:00,34.141009999999994,3.29099989,4.28900003,4.92199993,414080832
287,2004-09-07 13:30:00+00:00,35.12,3.41400003,4.18900013,4.92700005,411545824
288,2004-09-13 13:30:00+00:00,35.429990000000004,3.29099989,4.11199999,4.86399984,428106944
289,2004-09-20 13:30:00+00:00,34.799,3.21199989,4.03299999,4.75199986,502463200
290,2004-09-27 13:30:00+00:00,36.10001,3.3210001000000005,4.18900013,4.84200001,462262688
291,2004-10-04 13:30:00+00:00,35.58,3.49499989,4.12900019,4.95699978,483926368
292,2004-10-11 13:30:00+00:00,35.63,3.24399996,4.0630002,4.81899977,511084048
293,2004-10-18 13:30:00+00:00,35.8,3.21799994,3.97799993,4.73999977,585098576
294,2004-10-25 13:30:00+00:00,36.89999,3.30299997,4.02899981,4.8119998,565777744
295,2004-11-01 14:30:00+00:00,37.96001,3.3039998999999995,4.17700005,4.78999996,552584672
296,2004-11-08 14:30:00+00:00,38.66,3.56399989,4.18599987,4.96500015,449426192
297,2004-11-15 14:30:00+00:00,38.679990000000004,3.46199989,4.20499992,4.80100012,519177680
298,2004-11-22 14:30:00+00:00,39.21001,3.53600001,4.23400021,4.80200005,277293824
299,2004-11-29 14:30:00+00:00,40.13,3.65100002,4.25600004,5.007999900000001,521508384
300,2004-12-06 14:30:00+00:00,39.929990000000004,3.48300004,4.15500021,4.77699995,509286240
301,2004-12-13 14:30:00+00:00,39.47501,3.46700001,4.20300007,4.70499992,450068048
302,2004-12-20 14:30:00+00:00,39.758,3.55900002,4.21799994,4.79799986,311284384
303,2004-12-27 14:30:00+00:00,39.91499,3.63000011,4.22200012,4.86999989,265881008
304,2005-01-03 14:30:00+00:00,38.55,3.69199991,4.2750001,4.8499999,593376128
305,2005-01-10 14:30:00+00:00,38.429990000000004,3.66100001,4.21999979,4.6960001,519641376
306,2005-01-18 14:30:00+00:00,37.05,3.6789998999999995,4.14400005,4.65500021,433949008
307,2005-01-24 14:30:00+00:00,36.92,3.74300003,4.14599991,4.67799997,586925312
308,2005-01-31 14:30:00+00:00,37.75,3.75699997,4.08300018,4.58500004,458404480
309,2005-02-07 14:30:00+00:00,37.7,3.66000009,4.09200001,4.47599983,457486176
310,2005-02-14 14:30:00+00:00,37.35001,3.77900004,4.26399994,4.57700014,454595776
311,2005-02-22 14:30:00+00:00,37.62,3.9059998999999994,4.26999998,4.67000008,398040752
312,2005-02-28 14:30:00+00:00,37.52,4.01000023,4.31500006,4.742000099999999,460048752
313,2005-03-07 14:30:00+00:00,37.17,4.14300013,4.546,4.76399994,483508752
314,2005-03-14 14:30:00+00:00,36.50999,4.1329999,4.51100016,4.76200008,536263744
315,2005-03-21 14:30:00+00:00,36.27,4.28700018,4.59899998,4.85500002,382208624
316,2005-03-28 14:30:00+00:00,36.2,4.17199993,4.45100021,4.76000023,524931552
317,2005-04-04 13:30:00+00:00,36.64,4.13399982,4.47399998,4.80000019,429954800
318,2005-04-11 13:30:00+00:00,34.74001,3.94400001,4.24700022,4.67700005,654634112
319,2005-04-18 13:30:00+00:00,35.09,3.96300006,4.25099993,4.63899994,588833136
320,2005-04-25 13:30:00+00:00,34.98,3.81699991,4.19999981,4.48600006,536128864
321,2005-05-02 13:30:00+00:00,35.85699,3.80900002,4.26399994,4.58099985,420238448
322,2005-05-09 13:30:00+00:00,36.24001,3.87299991,4.12099981,4.51599979,525922688
323,2005-05-16 13:30:00+00:00,37.66,3.85400009,4.12699986,4.44700003,459699632
324,2005-05-23 13:30:00+00:00,38.21001,3.8210001000000005,4.0710001,4.43100023,404786128
325,2005-05-31 13:30:00+00:00,38.10001,3.66599989,3.98099995,4.24499989,359495440
326,2005-06-06 13:30:00+00:00,37.547,3.74399996,4.05499983,4.23500013,427398400
327,2005-06-13 13:30:00+00:00,37.87,3.84200001,4.07600021,4.36199999,428887792
328,2005-06-20 13:30:00+00:00,36.97,3.74099994,3.92499995,4.257999900000001,506152752
329,2005-06-27 13:30:00+00:00,36.72501,3.70300007,4.05499983,4.19399977,361106608
330,2005-07-05 13:30:00+00:00,37.77,3.84200001,4.09899998,4.32299995,380306192
331,2005-07-11 13:30:00+00:00,38.89,3.97600007,4.171,4.41300011,426057392
332,2005-07-18 13:30:00+00:00,39.42,4.09200001,4.22200012,4.50600004,429297056
333,2005-07-25 13:30:00+00:00,39.575,4.04099989,4.28200006,4.4000001,347234224
334,2005-08-01 13:30:00+00:00,39.48,4.14799976,4.3920002,4.52400017,344902176
335,2005-08-08 13:30:00+00:00,39.21001,4.1789999,4.25,4.51999998,413829392
336,2005-08-15 13:30:00+00:00,38.820009999999996,4.06899977,4.21099997,4.42000008,358517936
337,2005-08-22 13:30:00+00:00,38.4599,4.04099989,4.19199991,4.36800003,362059584
338,2005-08-29 13:30:00+00:00,38.77,3.83100009,4.04400015,4.31099987,384116960
339,2005-09-06 13:30:00+00:00,39.619,3.94799995,4.12400007,4.43200016,284534640
340,2005-09-12 13:30:00+00:00,39.39999,3.99499989,4.27899981,4.50899982,368087744
341,2005-09-19 13:30:00+00:00,38.75,3.99699998,4.25099993,4.47100019,494669200
342,2005-09-26 13:30:00+00:00,39.46001,4.15799999,4.33199978,4.54699993,402533152
343,2005-10-03 13:30:00+00:00,38.34,4.25,4.36199999,4.61199999,526707136
344,2005-10-10 13:30:00+00:00,38.06,4.32200003,4.48099995,4.69700003,594989504
345,2005-10-17 13:30:00+00:00,38.55,4.30100012,4.3920002,4.66200018,527982432
346,2005-10-24 13:30:00+00:00,38.32201,4.42500019,4.56899977,4.76599979,519587744
347,2005-10-31 14:30:00+00:00,40.08,4.54899979,4.66300011,4.84499979,528618752
348,2005-11-07 14:30:00+00:00,40.71001,4.48400021,4.579,4.742000099999999,417555072
349,2005-11-14 14:30:00+00:00,41.45,4.4000001,4.49599981,4.65199995,402376832
350,2005-11-21 14:30:00+00:00,41.89,4.34800005,4.43499994,4.66099977,245581840
351,2005-11-28 14:30:00+00:00,42.10699,4.44999981,4.51499987,4.71999979,405048560
352,2005-12-05 14:30:00+00:00,41.715,4.36600018,4.53299999,4.67199993,395555248
353,2005-12-12 14:30:00+00:00,41.58,4.38000011,4.43900013,4.67500019,331484384
354,2005-12-19 14:30:00+00:00,41.403,4.37699986,4.37599993,4.61199999,311764960
355,2005-12-27 14:30:00+00:00,40.412,4.329,4.39499998,4.51599979,213345584
356,2006-01-03 14:30:00+00:00,42.679990000000004,4.28800011,4.382999900000001,4.54099989,390015328
357,2006-01-09 14:30:00+00:00,42.98,4.34499979,4.35699987,4.59000015,412988496
358,2006-01-17 14:30:00+00:00,41.25,4.3130002,4.35500002,4.55000019,500312432
359,2006-01-23 14:30:00+00:00,42.11,4.43400002,4.51499987,4.69299984,512846192
360,2006-01-30 14:30:00+00:00,40.92,4.50600004,4.52899981,4.70100021,459762784
361,2006-02-06 14:30:00+00:00,40.96001,4.54199982,4.59000015,4.65500021,416273168
362,2006-02-13 14:30:00+00:00,41.21001,4.58699989,4.53900003,4.57200003,443332128
363,2006-02-21 14:30:00+00:00,41.25999,4.617000099999999,4.57700014,4.50899982,299722224
364,2006-02-27 14:30:00+00:00,41.45,4.67000008,4.68400002,4.61800003,445538368
365,2006-03-06 14:30:00+00:00,40.56,4.74399996,4.76300001,4.71700001,533232960
366,2006-03-13 14:30:00+00:00,41.45,4.59200001,4.67600012,4.69199991,451396864
367,2006-03-20 14:30:00+00:00,41.3,4.73600006,4.67500019,4.75699997,466159552
368,2006-03-27 14:30:00+00:00,41.929990000000004,4.82999992,4.85300016,4.89900017,472707360
369,2006-04-03 13:30:00+00:00,42.320009999999996,4.84100008,4.98600006,4.97200012,470757760
370,2006-04-10 13:30:00+00:00,42.10001,4.91400003,5.05299997,5.05600023,272843760
371,2006-04-17 13:30:00+00:00,42.0,4.92799997,5.01599979,5.14300013,519146832
372,2006-04-24 13:30:00+00:00,41.85001,4.95300007,5.05700016,5.17000008,501789248
373,2006-05-01 13:30:00+00:00,42.16,5.03999996,5.10599995,5.24700022,422197552
374,2006-05-08 13:30:00+00:00,40.19,5.03999996,5.19999981,5.23699999,481082608
375,2006-05-15 13:30:00+00:00,39.35001,4.94999981,5.06400013,5.16499996,802270496
376,2006-05-22 13:30:00+00:00,39.49001,4.97399998,5.05600023,5.17299986,762113440
377,2006-05-30 13:30:00+00:00,39.641999999999996,5.02299976,4.99399996,5.19700003,491018944
378,2006-06-05 13:30:00+00:00,38.14999,4.94999981,4.97700024,5.06699991,786180688
379,2006-06-12 13:30:00+00:00,38.34,5.0710001,5.13500023,5.13700008,875408016
380,2006-06-19 13:30:00+00:00,38.14999,5.19500017,5.22800016,5.24700022,593801392
381,2006-06-26 13:30:00+00:00,38.77,5.15700006,5.14499998,5.24700022,550115792
382,2006-07-03 13:30:00+00:00,37.69,5.15199995,5.13199997,5.22399998,294036864
383,2006-07-10 13:30:00+00:00,35.94,5.03599977,5.06699991,5.11000013,745900320
384,2006-07-17 13:30:00+00:00,35.7,4.98199987,5.04899979,5.08300018,806373936
385,2006-07-24 13:30:00+00:00,37.11,4.98500013,4.99399996,5.1079998,539641760
386,2006-07-31 13:30:00+00:00,36.95,4.90500021,4.89900017,5.04699993,486869696
387,2006-08-07 13:30:00+00:00,36.53,4.87099981,4.9749999,5.07600021,529012384
388,2006-08-14 13:30:00+00:00,38.78999,4.81500006,4.84700012,5.0,606013312
389,2006-08-21 13:30:00+00:00,38.320009999999996,4.7750001,4.78499985,4.94199991,417462624
390,2006-08-28 13:30:00+00:00,39.08,4.6960001,4.72399998,4.87900019,391275856
391,2006-09-05 13:30:00+00:00,38.72,4.73699999,4.77699995,4.94000006,396018432
392,2006-09-11 13:30:00+00:00,40.11,4.74399996,4.796,4.91599989,618544368
393,2006-09-18 13:30:00+00:00,39.87,4.59200001,4.59100008,4.77799988,621475136
394,2006-09-25 13:30:00+00:00,40.64999,4.54500008,4.632999900000001,4.76000023,534712688
395,2006-10-02 13:30:00+00:00,41.41,4.54799986,4.6960001,4.76200008,540523488
396,2006-10-09 13:30:00+00:00,42.429990000000004,4.73899984,4.80200005,4.90899992,473367360
397,2006-10-16 13:30:00+00:00,42.0,4.75600004,4.79199982,4.91300011,543008736
398,2006-10-23 13:30:00+00:00,42.21001,4.68499994,4.67700005,4.84000015,616254624
399,2006-10-30 14:30:00+00:00,41.929990000000004,4.5539999,4.72300005,4.71799994,608267248
400,2006-11-06 14:30:00+00:00,43.03,4.59800005,4.59299994,4.73199987,628372992
401,2006-11-13 14:30:00+00:00,44.3,4.68900013,4.60500002,4.75199986,536419056
402,2006-11-20 14:30:00+00:00,44.64999,4.57999992,4.55999994,4.65799999,296994960
403,2006-11-27 14:30:00+00:00,43.66,4.44700003,4.43900013,4.5630002,686882752
404,2006-12-04 14:30:00+00:00,43.89999,4.519,4.546,4.60099983,511677072
405,2006-12-11 14:30:00+00:00,44.429990000000004,4.573,4.5969999999999995,4.71899986,472269248
406,2006-12-18 14:30:00+00:00,42.929990000000004,4.5889999999999995,4.626,4.69099998,521269120
407,2006-12-26 14:30:00+00:00,43.16,4.691,4.698,4.81099987,249173744
408,2007-01-03 14:30:00+00:00,43.85001,4.638999999999999,4.644,4.71000004,443603824
409,2007-01-08 14:30:00+00:00,45.31,4.763999999999999,4.781000000000001,4.82299995,627459552
410,2007-01-16 14:30:00+00:00,44.17,4.784,4.781000000000001,4.84399986,540086992
411,2007-01-22 14:30:00+00:00,43.570009999999996,4.867,4.875,4.97200012,679029248
412,2007-01-29 14:30:00+00:00,44.16,4.816,4.824,4.93599987,577661456
413,2007-02-05 14:30:00+00:00,43.84,4.775,4.784,4.84399986,558454704
414,2007-02-12 14:30:00+00:00,44.71001,4.681,4.694,4.80800009,536874640
415,2007-02-20 14:30:00+00:00,45.25999,4.655,4.67,4.83400011,419355376
416,2007-02-26 14:30:00+00:00,42.48,4.436,4.501,4.67600012,1052982800
417,2007-03-05 14:30:00+00:00,42.929990000000004,4.541,4.587,4.65999985,693886768
418,2007-03-12 13:30:00+00:00,42.83,4.47,4.547,4.69999981,664949872
419,2007-03-19 13:30:00+00:00,44.12,4.51,4.615,4.77899981,534327184
420,2007-03-26 13:30:00+00:00,43.53,4.537,4.646,4.84299994,580284064
421,2007-04-02 13:30:00+00:00,44.56,4.567,4.6819999999999995,4.84399986,334883392
422,2007-04-09 13:30:00+00:00,44.64999,4.687,4.763,4.91200018,465732704
423,2007-04-16 13:30:00+00:00,45.39999,4.569,4.672,4.83199978,454789808
424,2007-04-23 13:30:00+00:00,46.570009999999996,4.588,4.696000000000001,4.88399982,496422016
425,2007-04-30 13:30:00+00:00,46.63,4.553,4.6419999999999995,4.84399986,512090688
426,2007-05-07 13:30:00+00:00,46.78,4.585,4.6739999999999995,4.82299995,532318880
427,2007-05-14 13:30:00+00:00,46.71001,4.729,4.803999999999999,4.91800022,658318512
428,2007-05-21 13:30:00+00:00,46.45,4.795,4.863,4.99300003,623846432
429,2007-05-29 13:30:00+00:00,47.44,4.923,4.954,5.00899982,469962496
430,2007-06-04 13:30:00+00:00,46.91,5.053,5.109,5.23600006,798796336
431,2007-06-11 13:30:00+00:00,47.73,5.091,5.167000000000001,5.30600023,601100304
432,2007-06-18 13:30:00+00:00,47.28999,5.013,5.1339999999999995,5.30499983,643904944
433,2007-06-25 13:30:00+00:00,47.60001,4.923,5.024,5.20499992,647347008
434,2007-07-02 13:30:00+00:00,48.86,5.09,5.184,5.2249999,255081744
435,2007-07-09 13:30:00+00:00,49.89999,5.0,5.095,5.2249999,452615936
436,2007-07-16 13:30:00+00:00,50.05,4.8469999999999995,4.956,5.11000013,627430560
437,2007-07-23 13:30:00+00:00,47.99001,4.572,4.765,4.97100019,1018702192
438,2007-07-30 13:30:00+00:00,47.42,4.4830000000000005,4.676,4.91599989,1070724336
439,2007-08-06 13:30:00+00:00,47.28,4.593999999999999,4.832,5.02699995,1012486800
440,2007-08-13 13:30:00+00:00,46.31,4.362,4.681,4.96400023,1070884224
441,2007-08-20 13:30:00+00:00,48.2,4.41,4.612,4.94899988,581921744
442,2007-08-27 13:30:00+00:00,48.87,4.251,4.525,4.83099985,524940496
443,2007-09-04 13:30:00+00:00,48.23,4.044,4.382,4.8039999,464060176
444,2007-09-10 13:30:00+00:00,49.22,4.17,4.46,4.73000002,502729504
445,2007-09-17 13:30:00+00:00,50.36,4.3,4.628,4.96899986,559941136
446,2007-09-24 13:30:00+00:00,51.41,4.252,4.588,4.83300018,453173424
447,2007-10-01 13:30:00+00:00,52.81799,4.333,4.638,4.76100016,477932000
448,2007-10-08 13:30:00+00:00,53.53,4.414,4.683,4.867000099999999,620367632
449,2007-10-15 13:30:00+00:00,52.44,4.0280000000000005,4.393,4.77199984,888690064
450,2007-10-22 13:30:00+00:00,53.929990000000004,4.053999999999999,4.4030000000000005,4.6869998,1047816528
451,2007-10-29 13:30:00+00:00,54.42,3.955,4.3180000000000005,4.63800001,764694192
452,2007-11-05 14:30:00+00:00,50.0,3.75,4.221,4.66699982,1170148400
453,2007-11-12 14:30:00+00:00,50.28,3.697,4.169,4.52400017,1316251472
454,2007-11-19 14:30:00+00:00,49.84,3.409,4.001,4.49700022,757505440
455,2007-11-26 14:30:00+00:00,51.31,3.39,3.94,4.33699989,919245632
456,2007-12-03 14:30:00+00:00,52.33,3.497,4.107,4.48600006,548005136
457,2007-12-10 14:30:00+00:00,50.97,3.634,4.236000000000001,4.64699984,687787680
458,2007-12-17 14:30:00+00:00,51.85001,3.582,4.1739999999999995,4.48199987,701556384
459,2007-12-24 14:30:00+00:00,51.86,3.5010000000000003,4.077,4.61299992,226330720
460,2007-12-31 14:30:00+00:00,48.39999,3.187,3.875,4.367000099999999,549246304
461,2008-01-07 14:30:00+00:00,47.05,3.0410000000000004,3.785,4.44999981,1212543072
462,2008-01-14 14:30:00+00:00,45.35001,2.8489999999999998,3.637,4.257999900000001,1203084656
463,2008-01-22 14:30:00+00:00,43.99001,2.772,3.5639999999999996,4.38500023,1165437008
464,2008-01-28 14:30:00+00:00,45.5899,2.737,3.5869999999999997,4.32499981,931799808
465,2008-02-04 14:30:00+00:00,43.60001,2.687,3.6430000000000002,4.52600002,927608512
466,2008-02-11 14:30:00+00:00,43.820009999999996,2.752,3.765,4.65399981,684582624
467,2008-02-19 14:30:00+00:00,43.679990000000004,2.8489999999999998,3.8089999999999997,4.55600023,533067952
468,2008-02-25 14:30:00+00:00,42.95,2.477,3.513,4.51800013,713423808
469,2008-03-03 14:30:00+00:00,42.070009999999996,2.421,3.535,4.55900002,896005632
470,2008-03-10 13:30:00+00:00,42.25,2.3930000000000002,3.449,4.44899988,1017999824
471,2008-03-17 13:30:00+00:00,43.09,2.383,3.341,4.20200014,753985120
472,2008-03-24 13:30:00+00:00,43.49001,2.512,3.445,4.38199997,623826512
473,2008-03-31 13:30:00+00:00,45.86,2.6189999999999998,3.469,4.38899994,662935424
474,2008-04-07 13:30:00+00:00,44.28,2.571,3.4730000000000003,4.35400009,560369440
475,2008-04-14 13:30:00+00:00,46.71001,2.898,3.71,4.53100014,605613936
476,2008-04-21 13:30:00+00:00,47.14999,3.176,3.87,4.54899979,607718816
477,2008-04-28 13:30:00+00:00,48.77,3.176,3.8569999999999998,4.49599981,563254064
478,2008-05-05 13:30:00+00:00,48.21001,2.966,3.773,4.546,580336064
479,2008-05-12 13:30:00+00:00,50.0099,3.109,3.8480000000000003,4.55100012,622494128
480,2008-05-19 13:30:00+00:00,48.2,3.145,3.85,4.62799978,745057152
481,2008-05-27 13:30:00+00:00,50.00999,3.423,4.06,4.75299978,466513440
482,2008-06-02 13:30:00+00:00,49.03,3.182,3.917,4.73799992,802796688
483,2008-06-09 13:30:00+00:00,48.37,3.7260000000000004,4.257,4.75600004,899835120
484,2008-06-16 13:30:00+00:00,47.42,3.594,4.17,4.76000023,847435056
485,2008-06-23 13:30:00+00:00,45.64999,3.3489999999999998,3.971,4.59600019,860245552
486,2008-06-30 13:30:00+00:00,44.63,3.282,3.989,4.50299978,701267328
487,2008-07-07 13:30:00+00:00,44.56,3.27,3.958,4.41499996,1060168944
488,2008-07-14 13:30:00+00:00,44.59,3.418,4.087,4.6079998,1005544624
489,2008-07-21 13:30:00+00:00,45.27,3.444,4.101,4.59800005,707068864
490,2008-07-28 13:30:00+00:00,44.88,3.22,3.938,4.57499981,793107936
491,2008-08-04 13:30:00+00:00,47.320009999999996,3.198,3.935,4.55700016,697424688
492,2008-08-11 13:30:00+00:00,48.16,3.1,3.844,4.52600002,748737680
493,2008-08-18 13:30:00+00:00,47.49001,3.14,3.872,4.46299982,677730640
494,2008-08-25 13:30:00+00:00,46.12,3.096,3.819,4.38100004,589880864
495,2008-09-02 13:30:00+00:00,43.45,2.991,3.7060000000000004,4.26200008,791427120
496,2008-09-08 13:30:00+00:00,43.429990000000004,2.947,3.717,4.22399998,1061447872
497,2008-09-15 13:30:00+00:00,42.89999,3.015,3.8160000000000003,4.19099998,1993770464
498,2008-09-22 13:30:00+00:00,41.08,3.052,3.8539999999999996,4.40999985,841223440
499,2008-09-29 13:30:00+00:00,36.179990000000004,2.6289999999999996,3.597,4.150000100000001,1141920064
500,2008-10-06 13:30:00+00:00,31.320009999999996,2.762,3.88,4.10300016,2001336832
501,2008-10-13 13:30:00+00:00,32.3,2.839,3.9360000000000004,4.25400019,1753253376
502,2008-10-20 13:30:00+00:00,29.509990000000002,2.568,3.678,4.05299997,1462805408
503,2008-10-27 13:30:00+00:00,32.89,2.8110000000000004,3.9739999999999998,4.33500004,1387824592
504,2008-11-03 14:30:00+00:00,31.19,2.563,3.7969999999999997,4.19999981,892941376
505,2008-11-10 14:30:00+00:00,28.98,2.32,3.7310000000000003,4.35699987,1068271616
506,2008-11-17 14:30:00+00:00,26.67,2.02,3.199,3.91000009,1325215776
507,2008-11-24 14:30:00+00:00,29.12,1.921,2.925,3.62599993,634569136
508,2008-12-01 14:30:00+00:00,28.94,1.703,2.705,3.04399991,963356128
509,2008-12-08 14:30:00+00:00,29.679990000000004,1.5219999999999998,2.576,3.07200003,852763632
510,2008-12-15 14:30:00+00:00,29.86,1.354,2.125,2.51399994,701064752
511,2008-12-22 14:30:00+00:00,29.13,1.521,2.133,2.63899994,212377568
512,2008-12-29 14:30:00+00:00,31.03,1.679,2.392,2.54699993,327015088
513,2009-01-05 14:30:00+00:00,30.070009999999996,1.52,2.395,3.04900002,611792880
514,2009-01-12 14:30:00+00:00,29.42,1.4809999999999999,2.339,2.86999989,794550624
515,2009-01-20 14:30:00+00:00,28.899990000000003,1.6340000000000001,2.6189999999999998,3.26300001,655260384
516,2009-01-26 14:30:00+00:00,29.06,1.885,2.8539999999999996,3.61599994,662321072
517,2009-02-02 14:30:00+00:00,31.37,1.9709999999999999,2.99,3.648,805352704
518,2009-02-09 14:30:00+00:00,30.429990000000004,1.881,2.897,3.52399993,847028928
519,2009-02-17 14:30:00+00:00,28.87,1.837,2.793,3.66799998,685125488
520,2009-02-23 14:30:00+00:00,27.53,1.989,3.0189999999999997,3.6789998999999995,986804064
521,2009-03-02 14:30:00+00:00,26.3,1.8880000000000001,2.885,3.50099993,929860000
522,2009-03-09 13:30:00+00:00,28.740009999999998,1.8719999999999999,2.8960000000000004,3.61199999,870664624
523,2009-03-16 13:30:00+00:00,29.179990000000004,1.655,2.6489999999999996,3.63599992,864532560
524,2009-03-23 13:30:00+00:00,30.820009999999996,1.804,2.763,3.65799999,829661008
525,2009-03-30 13:30:00+00:00,32.35001,1.864,2.8960000000000004,3.58100009,797962944
526,2009-04-06 13:30:00+00:00,32.94,1.893,2.926,3.6730001000000003,565942256
527,2009-04-13 13:30:00+00:00,33.31,1.9,2.949,3.72300005,669190880
528,2009-04-20 13:30:00+00:00,33.69,1.942,2.992,3.79399991,756629872
529,2009-04-27 13:30:00+00:00,34.37,2.016,3.155,4.03900003,615362928
530,2009-05-04 13:30:00+00:00,34.23,2.145,3.2910000000000004,4.30600023,811787872
531,2009-05-11 13:30:00+00:00,33.37,2.005,3.14,4.05100012,727514144
532,2009-05-18 13:30:00+00:00,33.53999,2.208,3.457,4.33599997,598066864
533,2009-05-26 13:30:00+00:00,35.38,2.345,3.465,4.492000099999999,496717120
534,2009-06-01 13:30:00+00:00,36.78,2.84,3.84,4.58599997,550624048
535,2009-06-08 13:30:00+00:00,36.64999,2.792,3.7939999999999996,4.69999981,589148672
536,2009-06-15 13:30:00+00:00,36.16,2.801,3.7769999999999997,4.58699989,624441632
537,2009-06-22 13:30:00+00:00,36.37,2.5580000000000003,3.5380000000000003,4.33199978,556147824
538,2009-06-29 13:30:00+00:00,35.60001,2.4330000000000003,3.502,4.33799982,390946192
539,2009-07-06 13:30:00+00:00,34.92,2.221,3.303,4.30200005,616515248
540,2009-07-13 13:30:00+00:00,37.56,2.505,3.653,4.44899988,628390432
541,2009-07-20 13:30:00+00:00,39.05,2.532,3.658,4.55000019,611443632
542,2009-07-27 13:30:00+00:00,39.45,2.523,3.487,4.41800022,519999136
543,2009-08-03 13:30:00+00:00,39.88,2.825,3.858,4.53599977,554956144
544,2009-08-10 13:30:00+00:00,39.63,2.512,3.574,4.43200016,560912880
545,2009-08-17 13:30:00+00:00,40.28999,2.571,3.572,4.23999977,500574944
546,2009-08-24 13:30:00+00:00,40.44,2.454,3.4530000000000003,4.22599983,535480640
547,2009-08-31 13:30:00+00:00,40.36,2.359,3.445,4.15999985,503780928
548,2009-09-08 13:30:00+00:00,41.52,2.306,3.352,4.20100021,363472752
549,2009-09-14 13:30:00+00:00,42.44,2.46,3.4730000000000003,4.16499996,468666112
550,2009-09-21 13:30:00+00:00,41.7,2.369,3.322,4.17199993,511146000
551,2009-09-28 13:30:00+00:00,40.88,2.209,3.222,3.95499992,649683424
552,2009-10-05 13:30:00+00:00,42.48,2.355,3.397,4.08599997,486147936
553,2009-10-12 13:30:00+00:00,42.78,2.355,3.4130000000000003,4.30999994,412798256
554,2009-10-19 13:30:00+00:00,43.13,2.4530000000000003,3.492,4.24300003,486658672
555,2009-10-26 13:30:00+00:00,40.96001,2.314,3.39,4.33500004,620064128
556,2009-11-02 14:30:00+00:00,42.60001,2.302,3.503,4.4000001,577115264
557,2009-11-09 14:30:00+00:00,44.00999,2.258,3.427,4.3920002,439528880
558,2009-11-16 14:30:00+00:00,43.44,2.184,3.3689999999999998,4.28200006,455370880
559,2009-11-23 14:30:00+00:00,43.50999,2.036,3.201,4.24700022,251151360
560,2009-11-30 14:30:00+00:00,44.12,2.252,3.48,4.33400011,445813552
561,2009-12-07 14:30:00+00:00,44.13,2.259,3.554,4.507999900000001,376279568
562,2009-12-14 14:30:00+00:00,44.46001,2.28,3.5460000000000003,4.41900015,357649568
563,2009-12-21 14:30:00+00:00,45.98,2.5380000000000003,3.799,4.60900021,239652960
564,2009-12-28 14:30:00+00:00,45.75,2.6910000000000003,3.841,4.61100006,189483376
565,2010-01-04 14:30:00+00:00,46.55,2.591,3.8360000000000003,4.68599987,387772080
566,2010-01-11 14:30:00+00:00,45.85001,2.425,3.682,4.632999900000001,498686816
567,2010-01-19 14:30:00+00:00,44.16,2.343,3.609,4.49900007,606106256
568,2010-01-25 14:30:00+00:00,42.78999,2.325,3.5860000000000003,4.55200005,890233488
569,2010-02-01 14:30:00+00:00,42.98,2.242,3.571,4.54899979,706407184
570,2010-02-08 14:30:00+00:00,43.75999,2.3369999999999997,3.697,4.67399979,494407936
571,2010-02-16 14:30:00+00:00,44.83,2.456,3.778,4.73400021,312722000
572,2010-02-22 14:30:00+00:00,44.75999,2.31,3.6210000000000004,4.58099985,418643888
573,2010-03-01 14:30:00+00:00,46.44,2.347,3.6889999999999996,4.55700016,342010464
574,2010-03-08 14:30:00+00:00,47.36,2.414,3.7039999999999997,4.66699982,390872560
575,2010-03-15 13:30:00+00:00,47.49001,2.461,3.697,4.58699989,374910912
576,2010-03-22 13:30:00+00:00,48.0,2.5980000000000003,3.853,4.76200008,348533312
577,2010-03-29 13:30:00+00:00,48.16,2.594,3.87,4.71400023,251124192
578,2010-04-05 13:30:00+00:00,49.03,2.6319999999999997,3.886,4.75299978,310079840
579,2010-04-12 13:30:00+00:00,49.53,2.475,3.772,4.71700001,372303328
580,2010-04-19 13:30:00+00:00,50.52,2.595,3.819,4.63700008,430226176
581,2010-04-26 13:30:00+00:00,49.2375,2.425,3.6630000000000003,4.59299994,505128080
582,2010-05-03 13:30:00+00:00,45.41,2.17,3.424,4.20599985,906423440
583,2010-05-10 13:30:00+00:00,46.929990000000004,2.1590000000000003,3.4610000000000003,4.43200016,584931088
584,2010-05-17 13:30:00+00:00,44.84,2.025,3.24,4.09299994,812962688
585,2010-05-24 13:30:00+00:00,45.60001,2.097,3.287,4.25299978,648503376
586,2010-06-01 13:30:00+00:00,45.0925,1.993,3.208,4.27299976,413270176
587,2010-06-07 13:30:00+00:00,45.5,2.029,3.236,4.23799992,475743936
588,2010-06-14 13:30:00+00:00,47.0,2.02,3.227,4.12300014,375850320
589,2010-06-21 13:30:00+00:00,45.27,1.9069999999999998,3.111,4.099999899999999,486133520
590,2010-06-28 13:30:00+00:00,42.47,1.821,2.9819999999999998,3.89899993,546336128
591,2010-07-06 13:30:00+00:00,44.62,1.844,3.0610000000000004,4.01499987,287165792
592,2010-07-12 13:30:00+00:00,44.34,1.6769999999999998,2.929,3.98699999,436764320
593,2010-07-19 13:30:00+00:00,46.06,1.739,3.002,3.95000005,418385072
594,2010-07-26 13:30:00+00:00,45.81,1.6030000000000002,2.909,4.07800007,369146496
595,2010-08-02 13:30:00+00:00,46.75999,1.508,2.824,4.04799986,283877456
596,2010-08-09 13:30:00+00:00,44.72,1.4580000000000002,2.679,3.94400001,318238768
597,2010-08-16 13:30:00+00:00,44.92,1.4569999999999999,2.62,3.65300012,324012512
598,2010-08-23 13:30:00+00:00,44.070009999999996,1.4980000000000002,2.65,3.51600003,436874688
599,2010-08-30 13:30:00+00:00,46.00999,1.492,2.71,3.71199989,310820848
600,2010-09-07 13:30:00+00:00,46.60001,1.587,2.7969999999999997,3.83800006,246551136
601,2010-09-13 13:30:00+00:00,47.995,1.446,2.7430000000000003,3.92799997,366295536
602,2010-09-20 13:30:00+00:00,49.66,1.354,2.61,3.73099995,419740864
603,2010-09-27 13:30:00+00:00,49.00999,1.265,2.519,3.68700004,430626400
604,2010-10-04 13:30:00+00:00,49.75,1.111,2.397,3.71499991,411408928
605,2010-10-11 13:30:00+00:00,51.49001,1.193,2.569,3.91300011,379691984
606,2010-10-18 13:30:00+00:00,51.64,1.157,2.565,3.95700002,392400384
607,2010-10-25 13:30:00+00:00,52.179990000000004,1.173,2.6069999999999998,4.05600023,277283760
608,2010-11-01 13:30:00+00:00,53.67,1.1,2.5380000000000003,4.0630002,397056832
609,2010-11-08 14:30:00+00:00,52.50999,1.3730000000000002,2.7939999999999996,4.23999977,374474560
610,2010-11-15 14:30:00+00:00,52.47,1.527,2.8789999999999996,4.28399992,361657088
611,2010-11-22 14:30:00+00:00,52.968,1.538,2.877,4.19700003,223915584
612,2010-11-29 14:30:00+00:00,53.87,1.6230000000000002,3.013,4.26200008,384783648
613,2010-12-06 14:30:00+00:00,54.495,1.9909999999999999,3.325,4.40399981,242821488
614,2010-12-13 14:30:00+00:00,54.52,1.965,3.338,4.54300022,302374912
615,2010-12-20 14:30:00+00:00,54.742,2.059,3.389,4.44399977,141369616
616,2010-12-27 14:30:00+00:00,54.46001,2.01,3.295,4.42600012,143692800
617,2011-01-03 14:30:00+00:00,55.87,1.965,3.3280000000000003,4.51499987,297034112
618,2011-01-10 14:30:00+00:00,57.0,1.931,3.333,4.50199986,255492288
619,2011-01-18 14:30:00+00:00,55.679990000000004,2.0180000000000002,3.412,4.61100006,285601216
620,2011-01-24 14:30:00+00:00,55.73,1.926,3.333,4.56799984,356971776
621,2011-01-31 14:30:00+00:00,57.375,2.269,3.642,4.66699982,289173904
622,2011-02-07 14:30:00+00:00,58.44,2.3609999999999998,3.634,4.7670002,264315552
623,2011-02-14 14:30:00+00:00,58.73,2.276,3.5860000000000003,4.671,223994672
624,2011-02-22 14:30:00+00:00,57.64999,2.168,3.42,4.54500008,343250272
625,2011-02-28 14:30:00+00:00,57.9675,2.188,3.497,4.61999989,331526352
626,2011-03-07 14:30:00+00:00,56.49001,2.06,3.404,4.5,430304048
627,2011-03-14 13:30:00+00:00,54.45,1.9369999999999998,3.27,4.4369998,540725120
628,2011-03-21 13:30:00+00:00,56.84,2.164,3.443,4.4829998,297672512
629,2011-03-28 13:30:00+00:00,57.46001,2.247,3.45,4.51000023,248929312
630,2011-04-04 13:30:00+00:00,56.95,2.315,3.585,4.61499977,257063984
631,2011-04-11 13:30:00+00:00,56.64999,2.127,3.4130000000000003,4.54699993,265148224
632,2011-04-18 13:30:00+00:00,58.34,2.114,3.406,4.46700001,218746032
633,2011-04-25 13:30:00+00:00,59.08,1.9769999999999999,3.292,4.41699982,224204432
634,2011-05-02 13:30:00+00:00,58.47,1.8619999999999999,3.1510000000000002,4.257999900000001,284057872
635,2011-05-09 13:30:00+00:00,58.41,1.838,3.175,4.35099983,269626272
636,2011-05-16 13:30:00+00:00,57.765,1.798,3.1489999999999996,4.30000019,258394816
637,2011-05-23 13:30:00+00:00,57.429990000000004,1.713,3.0639999999999996,4.22300005,195057776
638,2011-05-31 13:30:00+00:00,56.35001,1.6030000000000002,2.9930000000000003,4.24700022,207352128
639,2011-06-06 13:30:00+00:00,54.64,1.568,2.977,4.21500015,241961024
640,2011-06-13 13:30:00+00:00,53.78999,1.531,2.949,4.16900015,274002688
641,2011-06-20 13:30:00+00:00,54.38,1.386,2.873,4.16699982,267170304
642,2011-06-27 13:30:00+00:00,57.91,1.795,3.1919999999999997,4.37699986,266102400
643,2011-07-05 13:30:00+00:00,59.03,1.579,3.029,4.367000099999999,216744624
644,2011-07-11 13:30:00+00:00,57.85001,1.446,2.911,4.25500011,385517440
645,2011-07-18 13:30:00+00:00,59.60001,1.5130000000000001,2.969,4.3119998,304269776
646,2011-07-25 13:30:00+00:00,58.0,1.3559999999999999,2.7960000000000003,4.26100016,317696640
647,2011-08-01 13:30:00+00:00,53.83,1.2570000000000001,2.565,3.6730001000000003,626826256
648,2011-08-08 13:30:00+00:00,53.570009999999996,0.9620000000000001,2.262,3.76699996,838736736
649,2011-08-15 13:30:00+00:00,50.03,0.9009999999999999,2.0709999999999997,3.42400002,473880864
650,2011-08-22 13:30:00+00:00,53.13,0.9440000000000001,2.193,3.60599995,418190560
651,2011-08-29 13:30:00+00:00,53.28,0.87,1.994,3.49900007,283846288
652,2011-09-06 13:30:00+00:00,53.179990000000004,0.8059999999999999,1.922,3.30500007,227030560
653,2011-09-12 13:30:00+00:00,56.59,0.9209999999999999,2.0580000000000003,3.36100006,391188304
654,2011-09-19 13:30:00+00:00,54.14999,0.8690000000000001,1.835,2.7980001,457376880
655,2011-09-26 13:30:00+00:00,52.49001,0.96,1.921,3.05999994,476024560
656,2011-10-03 13:30:00+00:00,54.070009999999996,1.0859999999999999,2.077,2.95700002,489449360
657,2011-10-10 13:30:00+00:00,58.179990000000004,1.124,2.255,3.15199995,329392800
658,2011-10-17 13:30:00+00:00,57.3,1.068,2.217,3.21499991,365068848
659,2011-10-24 13:30:00+00:00,58.94,1.137,2.322,3.44499993,372347680
660,2011-10-31 13:30:00+00:00,57.8,0.884,2.04,3.12199998,366153616
661,2011-11-07 14:30:00+00:00,57.85001,0.9129999999999999,2.059,3.10899997,318527568
662,2011-11-14 14:30:00+00:00,55.39999,0.917,2.0069999999999997,2.9849999,327287824
663,2011-11-21 14:30:00+00:00,52.88,0.938,1.969,2.88599992,178144720
664,2011-11-28 14:30:00+00:00,56.62,0.9179999999999999,2.037,3.08599997,247985600
665,2011-12-05 14:30:00+00:00,57.02,0.894,2.066,2.99499989,231197936
666,2011-12-12 14:30:00+00:00,54.86,0.8059999999999999,1.8530000000000002,2.91899991,307363600
667,2011-12-19 14:30:00+00:00,56.08,0.988,2.031,2.98399997,273973104
668,2011-12-27 14:30:00+00:00,55.83,0.8370000000000001,1.874,2.9000001,109543120
669,2012-01-03 14:30:00+00:00,57.81,0.857,1.9609999999999999,3.06399989,156501936
670,2012-01-09 14:30:00+00:00,58.179990000000004,0.7959999999999999,1.8719999999999999,2.97300005,174462656
671,2012-01-17 14:30:00+00:00,59.77,0.8909999999999999,2.03,3.04299998,179308352
672,2012-01-23 14:30:00+00:00,60.39999,0.754,1.895,3.0940001,224389632
673,2012-01-30 14:30:00+00:00,62.05,0.774,1.926,3.00699997,223221072
674,2012-02-06 14:30:00+00:00,62.47501,0.825,1.9880000000000002,3.18199992,212597664
675,2012-02-13 14:30:00+00:00,63.429990000000004,0.8640000000000001,2.002,3.14199996,353958832
676,2012-02-21 14:30:00+00:00,63.96001,0.8959999999999999,1.979,3.13499999,176934864
677,2012-02-27 14:30:00+00:00,64.87,0.845,1.979,3.15100002,247107072
678,2012-03-05 14:30:00+00:00,65.02,0.902,2.032,3.17499995,229997232
679,2012-03-12 13:30:00+00:00,66.52,1.117,2.2969999999999997,3.41000009,272726864
680,2012-03-19 13:30:00+00:00,66.939,1.092,2.239,3.36599994,250412896
681,2012-03-26 13:30:00+00:00,67.55,1.04,2.213,3.27200007,216010784
682,2012-04-02 13:30:00+00:00,67.72,1.008,2.188,3.35700011,182597632
683,2012-04-09 13:30:00+00:00,66.19,0.852,1.9880000000000002,3.21300006,281747056
684,2012-04-16 13:30:00+00:00,65.67999,0.8490000000000001,1.965,3.12400007,288502752
685,2012-04-23 13:30:00+00:00,67.24001,0.83,1.942,3.125,265514304
686,2012-04-30 13:30:00+00:00,64.7,0.79,1.889,3.12199998,272591856
687,2012-05-07 13:30:00+00:00,64.17999,0.754,1.845,3.04200006,305197216
688,2012-05-14 13:30:00+00:00,60.81,0.7509999999999999,1.723,2.78200006,307844192
689,2012-05-21 13:30:00+00:00,62.070009999999996,0.765,1.742,2.87700009,296589520
690,2012-05-29 13:30:00+00:00,60.409,0.623,1.4569999999999999,2.64100003,227344016
691,2012-06-04 13:30:00+00:00,62.87,0.718,1.639,2.74300003,258969264
692,2012-06-11 13:30:00+00:00,62.99001,0.6729999999999999,1.574,2.74000001,257359040
693,2012-06-18 13:30:00+00:00,63.35001,0.7659999999999999,1.681,2.68799996,192063008
694,2012-06-25 13:30:00+00:00,64.16,0.726,1.652,2.68199992,194012032
695,2012-07-02 13:30:00+00:00,64.12,0.649,1.557,2.71799994,127037422
696,2012-07-09 13:30:00+00:00,63.38,0.628,1.494,2.56200004,216473904
697,2012-07-16 13:30:00+00:00,64.235,0.58,1.4609999999999999,2.61100006,208180000
698,2012-07-23 13:30:00+00:00,64.87,0.6609999999999999,1.5530000000000002,2.50300002,236752448
699,2012-07-30 13:30:00+00:00,65.60001,0.6759999999999999,1.569,2.55299997,186003840
700,2012-08-06 13:30:00+00:00,66.86,0.713,1.662,2.75999999,113522592
701,2012-08-13 13:30:00+00:00,68.32001,0.799,1.817,2.95600009,131510448
702,2012-08-20 13:30:00+00:00,68.28999,0.718,1.6909999999999998,2.78600001,180057488
703,2012-08-27 13:30:00+00:00,68.16,0.5920000000000001,1.5630000000000002,2.74799991,141242560
704,2012-09-04 13:30:00+00:00,69.42999,0.652,1.6780000000000002,2.79699993,134216608
705,2012-09-10 13:30:00+00:00,70.17999,0.726,1.883,2.92799997,181818048
706,2012-09-17 13:30:00+00:00,70.14999,0.672,1.7519999999999998,2.94400001,161657312
707,2012-09-24 13:30:00+00:00,68.57001,0.627,1.6340000000000001,2.84200001,161871600
708,2012-10-01 13:30:00+00:00,68.98,0.679,1.746,2.88800001,160541808
709,2012-10-08 13:30:00+00:00,66.67999,0.6629999999999999,1.666,2.84800005,199390640
710,2012-10-15 13:30:00+00:00,65.67999,0.7509999999999999,1.767,3.01099992,226688608
711,2012-10-22 13:30:00+00:00,65.35001,0.763,1.7409999999999999,2.96199989,238003376
712,2012-10-29 13:30:00+00:00,65.17,0.723,1.723,2.90700006,109552400
713,2012-11-05 14:30:00+00:00,63.429990000000004,0.6459999999999999,1.6159999999999999,2.75200009,238585328
714,2012-11-12 14:30:00+00:00,62.3,0.612,1.5830000000000002,2.73200011,284598640
715,2012-11-19 14:30:00+00:00,64.89999,0.693,1.695,2.8210001,143401936
716,2012-11-26 14:30:00+00:00,65.8,0.62,1.615,2.79699993,164193088
717,2012-12-03 14:30:00+00:00,64.92999,0.622,1.6269999999999998,2.77200007,209599536
718,2012-12-10 14:30:00+00:00,64.69,0.6920000000000001,1.705,2.9059999,204985936
719,2012-12-17 14:30:00+00:00,65.2,0.7659999999999999,1.7730000000000001,2.98200011,224630096
720,2012-12-24 14:30:00+00:00,63.78,0.715,1.703,2.90199995,119204262
721,2012-12-31 14:30:00+00:00,66.63,0.816,1.9040000000000001,3.125,209588736
722,2013-01-07 14:30:00+00:00,67.25999,0.7809999999999999,1.871,3.08100009,139814016
723,2013-01-14 14:30:00+00:00,67.07001,0.765,1.845,3.07200003,166303376
724,2013-01-22 14:30:00+00:00,67.0,0.8540000000000001,1.952,3.0460000000000003,145952512
725,2013-01-28 14:30:00+00:00,67.66,0.8909999999999999,2.0269999999999997,3.16799998,190928432
726,2013-02-04 14:30:00+00:00,67.99001,0.8320000000000001,1.953,3.17499995,213065744
727,2013-02-11 14:30:00+00:00,67.75,0.867,2.0069999999999997,3.17799997,113025264
728,2013-02-19 14:30:00+00:00,67.13901,0.831,1.9680000000000002,3.16499996,129458592
729,2013-02-25 14:30:00+00:00,67.38,0.745,1.8459999999999999,3.08999991,179530560
730,2013-03-04 14:30:00+00:00,68.77,0.895,2.051,3.20099998,131978848
731,2013-03-11 13:30:00+00:00,68.50999,0.8290000000000001,1.9909999999999999,3.2420001,147351984
732,2013-03-18 13:30:00+00:00,68.59,0.81,1.9369999999999998,3.13499999,156223616
733,2013-03-25 13:30:00+00:00,68.97,0.7609999999999999,1.85,3.08599997,90853744
734,2013-04-01 13:30:00+00:00,67.86099,0.7040000000000001,1.725,2.99099994,180582448
735,2013-04-08 13:30:00+00:00,69.94,0.691,1.723,2.99699998,174130736
736,2013-04-15 13:30:00+00:00,68.09,0.713,1.709,2.86299992,236548144
737,2013-04-22 13:30:00+00:00,69.57001,0.6859999999999999,1.6680000000000001,2.90499997,182511872
738,2013-04-29 13:30:00+00:00,72.12,0.732,1.745,2.81999993,156155584
739,2013-05-06 13:30:00+00:00,73.05,0.818,1.9040000000000001,2.99499989,119348384
740,2013-05-13 13:30:00+00:00,74.3,0.8290000000000001,1.9469999999999998,3.09599996,151332432
741,2013-05-20 13:30:00+00:00,73.41,0.893,2.012,3.19000006,185544304
742,2013-05-28 13:30:00+00:00,73.25,1.023,2.134,3.2809998999999994,129906544
743,2013-06-03 13:30:00+00:00,73.39,1.1,2.181,3.24000001,226018400
744,2013-06-10 13:30:00+00:00,72.28,1.034,2.134,3.31299996,163683808
745,2013-06-17 13:30:00+00:00,70.42999,1.439,2.544,3.51799989,212923776
746,2013-06-24 13:30:00+00:00,71.27,1.39,2.49,3.53399992,145983744
747,2013-07-01 13:30:00+00:00,72.58,1.619,2.75,3.49309993,95664288
748,2013-07-08 13:30:00+00:00,75.3,1.426,2.585,3.62599993,151473344
749,2013-07-15 13:30:00+00:00,74.59,1.3030000000000002,2.494,3.63599992,150182416
750,2013-07-22 13:30:00+00:00,75.37,1.3730000000000002,2.577,3.64599991,114364304
751,2013-07-29 13:30:00+00:00,76.97,1.365,2.6039999999999996,3.75399995,105067584
752,2013-08-05 13:30:00+00:00,76.49001,1.36,2.5839999999999996,3.67499995,97988237
753,2013-08-12 13:30:00+00:00,75.485,1.564,2.8289999999999997,3.80599999,137585280
754,2013-08-19 13:30:00+00:00,76.67,1.6269999999999998,2.823,3.875,117101392
755,2013-08-26 13:30:00+00:00,75.47,1.649,2.7880000000000003,3.71300006,141601024
756,2013-09-03 13:30:00+00:00,76.92999,1.76,2.9419999999999997,3.88599992,99924192
757,2013-09-09 13:30:00+00:00,78.06,1.6880000000000002,2.886,3.84899998,116184976
758,2013-09-16 13:30:00+00:00,78.985,1.4769999999999999,2.735,3.79900002,137571200
759,2013-09-23 13:30:00+00:00,79.07001,1.409,2.6310000000000002,3.69799995,122514672
760,2013-09-30 13:30:00+00:00,79.39999,1.421,2.648,3.70600009,152517824
761,2013-10-07 13:30:00+00:00,79.23,1.426,2.6910000000000003,3.73300004,201698912
762,2013-10-14 13:30:00+00:00,82.14999,1.349,2.595,3.66100001,188713504
763,2013-10-21 13:30:00+00:00,82.89999,1.286,2.512,3.61299992,172130512
764,2013-10-28 13:30:00+00:00,82.81,1.3869999999999998,2.635,3.63899994,161214979
765,2013-11-04 14:30:00+00:00,82.54,1.41,2.7430000000000003,3.70700002,154049776
766,2013-11-11 14:30:00+00:00,83.96,1.3530000000000002,2.71,3.78900003,127894276
767,2013-11-18 14:30:00+00:00,83.99,1.355,2.745,3.88899994,142888616
768,2013-11-25 14:30:00+00:00,85.73,1.3719999999999999,2.747,3.82299995,86676235
769,2013-12-02 14:30:00+00:00,86.0,1.492,2.862,3.91599989,177374327
770,2013-12-09 14:30:00+00:00,84.85,1.5330000000000001,2.875,3.89499998,154134408
771,2013-12-16 14:30:00+00:00,86.5,1.675,2.895,3.91100001,204715444
772,2013-12-23 14:30:00+00:00,87.52,1.7469999999999999,3.0069999999999997,3.92600012,73107297
773,2013-12-30 14:30:00+00:00,86.64,1.732,2.995,3.9230001000000003,108799013
774,2014-01-06 14:30:00+00:00,87.3,1.62,2.853,3.88000011,146923412
775,2014-01-13 14:30:00+00:00,87.88,1.632,2.823,3.773,197077467
776,2014-01-21 14:30:00+00:00,86.74,1.551,2.72,3.68400002,155270098
777,2014-01-27 14:30:00+00:00,86.27,1.4980000000000002,2.65,3.63700008,272241132
778,2014-02-03 14:30:00+00:00,87.3,1.475,2.6910000000000003,3.66899991,216192920
779,2014-02-10 14:30:00+00:00,89.81,1.528,2.7510000000000003,3.68400002,176019432
780,2014-02-18 14:30:00+00:00,89.93,1.538,2.734,3.72399998,144444615
781,2014-02-24 14:30:00+00:00,90.34,1.507,2.6519999999999997,3.59200001,179324039
782,2014-03-03 14:30:00+00:00,90.53,1.641,2.7910000000000004,3.69199991,154642415
783,2014-03-10 13:30:00+00:00,88.67,1.548,2.6630000000000003,3.59100008,160921179
784,2014-03-17 13:30:00+00:00,89.0,1.7169999999999999,2.7510000000000003,3.66499996,195043659
785,2014-03-24 13:30:00+00:00,87.05,1.754,2.7239999999999998,3.52800012,265068643
786,2014-03-31 13:30:00+00:00,86.37,1.699,2.725,3.63100004,268772052
787,2014-04-07 13:30:00+00:00,84.11,1.574,2.6210000000000004,3.51399994,348493692
788,2014-04-14 13:30:00+00:00,86.2,1.7380000000000002,2.728,3.44899988,231822617
789,2014-04-21 13:30:00+00:00,86.19,1.723,2.662,3.45600009,192185912
790,2014-04-28 13:30:00+00:00,87.49,1.6680000000000001,2.583,3.40799999,211257234
791,2014-05-05 13:30:00+00:00,86.8,1.6380000000000001,2.62,3.43000007,210750468
792,2014-05-12 13:30:00+00:00,87.71,1.54,2.51,3.33200002,222234092
793,2014-05-19 13:30:00+00:00,89.88,1.52,2.53,3.42700005,155879010
794,2014-05-27 13:30:00+00:00,91.31,1.54,2.46,3.3289999999999997,123156303
795,2014-06-02 13:30:00+00:00,92.82,1.65,2.59,3.43600011,130591050
796,2014-06-09 13:30:00+00:00,92.32,1.69,2.5989999999999998,3.41499996,141647936
797,2014-06-16 13:30:00+00:00,92.77,1.69,2.62,3.46600008,144042253
798,2014-06-23 13:30:00+00:00,93.75,1.64,2.53,3.35700011,131055957
799,2014-06-30 13:30:00+00:00,95.7,1.74,2.64,3.46300006,85703493
800,2014-07-07 13:30:00+00:00,95.27,1.63,2.51,3.37100005,157627611
801,2014-07-14 13:30:00+00:00,96.12,1.66,2.48,3.26399994,160923504
802,2014-07-21 13:30:00+00:00,96.74,1.695,2.483,3.29299998,139083491
803,2014-07-28 13:30:00+00:00,94.67,1.68,2.51,3.31900001,198730027
804,2014-08-04 13:30:00+00:00,94.9,1.635,2.43,3.22099996,191506568
805,2014-08-11 13:30:00+00:00,97.4,1.538,2.342,3.19300008,164650583
806,2014-08-18 13:30:00+00:00,99.05,1.666,2.4090000000000003,3.19000006,127776269
807,2014-08-25 13:30:00+00:00,99.78,1.6269999999999998,2.347,3.07500005,101297182
808,2014-09-02 13:30:00+00:00,99.89,1.6909999999999998,2.458,3.21000004,99751856
809,2014-09-08 13:30:00+00:00,99.48,1.819,2.612,3.27600002,152318445
810,2014-09-15 13:30:00+00:00,99.98,1.8090000000000002,2.5780000000000003,3.34899998,185465230
811,2014-09-22 13:30:00+00:00,98.78,1.804,2.535,3.21199989,243358235
812,2014-09-29 13:30:00+00:00,98.17,1.73,2.44,3.148,229470977
813,2014-10-06 13:30:00+00:00,94.44,1.556,2.302,3.06299996,286200802
814,2014-10-13 13:30:00+00:00,93.0,1.4184,2.1953,2.93499994,424210635
815,2014-10-20 13:30:00+00:00,98.62,1.4891,2.2640000000000002,3.04900002,225552561
816,2014-10-27 13:30:00+00:00,101.4,1.61,2.34,3.0480001,194783488
817,2014-11-03 14:30:00+00:00,101.6,1.5852,2.2994,3.10100007,127676487
818,2014-11-10 14:30:00+00:00,103.22,1.6054,2.3187,3.07299995,105143458
819,2014-11-17 14:30:00+00:00,103.87,1.61,2.31,3.0539999,130381835
820,2014-11-24 14:30:00+00:00,106.01,1.4935,2.1728,2.92449999,71788504
821,2014-12-01 14:30:00+00:00,105.38,1.6807,2.3065,2.93499994,151606134
822,2014-12-08 14:30:00+00:00,102.67,1.5164,2.0869,2.81100011,212516424
823,2014-12-15 14:30:00+00:00,104.32,1.6587,2.1846,2.81800008,299293246
824,2014-12-22 14:30:00+00:00,105.04,1.7643,2.2516,2.82489991,92241761
825,2014-12-29 14:30:00+00:00,102.94,1.625,2.1263,2.75900006,91359481
826,2015-01-05 14:30:00+00:00,102.62,1.422,1.9501,2.59899998,221926793
827,2015-01-12 14:30:00+00:00,100.82,1.2944,1.8308,2.3670001,228013928
828,2015-01-20 14:30:00+00:00,104.26,1.3113,1.7994,2.44400001,146762988
829,2015-01-26 14:30:00+00:00,101.1,1.1531,1.639,2.31900001,198273122
830,2015-02-02 14:30:00+00:00,103.13,1.464,1.9409999999999998,2.4289999,166222997
831,2015-02-09 14:30:00+00:00,106.91,1.536,2.0469,2.57800007,118145347
832,2015-02-17 14:30:00+00:00,108.41,1.5902,2.1152,2.74099994,80989786
833,2015-02-23 14:30:00+00:00,108.4,1.5119,2.0156,2.63199997,107098380
834,2015-03-02 14:30:00+00:00,107.41,1.6972,2.2467,2.72600007,111156394
835,2015-03-09 13:30:00+00:00,105.34,1.5855,2.1157,2.69400001,149425604
836,2015-03-16 13:30:00+00:00,108.53,1.416,1.932,2.52800012,148975525
837,2015-03-23 13:30:00+00:00,105.52,1.4254,1.9509999999999998,2.58699989,163019883
838,2015-03-30 13:30:00+00:00,105.12,1.3506,1.9109,2.46600008,113192990
839,2015-04-06 13:30:00+00:00,107.75,1.4,1.95,2.59800005,109976500
840,2015-04-13 13:30:00+00:00,106.01,1.2899,1.8497,2.57800007,125377031
841,2015-04-20 13:30:00+00:00,110.54,1.3174,1.9139,2.648,135116219
842,2015-04-27 13:30:00+00:00,109.05,1.5006,2.1153,2.74399996,178969300
843,2015-05-04 13:30:00+00:00,108.69,1.4846,2.1424,2.90700006,176396817
844,2015-05-11 13:30:00+00:00,109.58,1.4636,2.1477,3.05599999,121924381
845,2015-05-18 13:30:00+00:00,110.47,1.57,2.22,2.99099994,83291498
846,2015-05-26 13:30:00+00:00,110.05,1.49,2.12,2.88599992,103746527
847,2015-06-01 13:30:00+00:00,109.3,1.7418,2.4076,3.04299998,118543348
848,2015-06-08 13:30:00+00:00,108.75,1.7409999999999999,2.39,3.09599996,127196896
849,2015-06-15 13:30:00+00:00,109.89,1.5725,2.2702,3.13000011,141902361
850,2015-06-22 13:30:00+00:00,109.27,1.7561,2.4763,3.17700005,103703061
851,2015-06-29 13:30:00+00:00,107.95,1.6217,2.366,3.20700002,127477226
852,2015-07-06 13:30:00+00:00,107.65,1.62,2.3609999999999998,3.11599994,163030133
853,2015-07-13 13:30:00+00:00,113.59,1.67,2.3415,3.11400008,142155189
854,2015-07-20 13:30:00+00:00,111.1,1.62,2.26,2.9690001,154125841
855,2015-07-27 13:30:00+00:00,111.95,1.53,2.18,2.94300008,143782187
856,2015-08-03 13:30:00+00:00,110.31,1.57,2.17,2.898,148256243
857,2015-08-10 13:30:00+00:00,110.51,1.6,2.2,2.85700011,139948461
858,2015-08-17 13:30:00+00:00,102.4,1.43,2.04,2.74499989,233231454
859,2015-08-24 13:30:00+00:00,105.62,1.52,2.18,2.9289999,449319276
860,2015-08-31 13:30:00+00:00,102.16,1.47,2.13,2.93700004,251179918
861,2015-09-08 13:30:00+00:00,105.57,1.51,2.19,2.98900008,161283072
862,2015-09-14 13:30:00+00:00,105.35,1.4423,2.1318,3.00900006,185591967
863,2015-09-21 13:30:00+00:00,102.92,1.484,2.1738,2.91700006,187891749
864,2015-09-28 13:30:00+00:00,104.01,1.3068,2.0087,2.85299993,233514442
865,2015-10-05 13:30:00+00:00,106.53,1.4109,2.0961,2.93700004,177399501
866,2015-10-12 13:30:00+00:00,108.12,1.3602,2.0378,2.86500001,139549143
867,2015-10-19 13:30:00+00:00,112.78,1.4145,2.0839,2.86299992,173325814
868,2015-10-26 13:30:00+00:00,113.33,1.5283,2.1421,2.96300006,151642953
869,2015-11-02 14:30:00+00:00,114.79,1.7337,2.3234,3.00200009,126157332
870,2015-11-09 14:30:00+00:00,109.84,1.6602,2.2676,3.09299994,175713602
871,2015-11-16 14:30:00+00:00,114.48,1.6896,2.2640000000000002,3.00699997,146442263
872,2015-11-23 14:30:00+00:00,114.31,1.6495,2.22,2.9928,70058513
873,2015-11-30 14:30:00+00:00,115.14,1.7121,2.2738,3.06100011,158868244
874,2015-12-07 14:30:00+00:00,110.79,1.5593,2.1244,2.97099996,191370790
875,2015-12-14 14:30:00+00:00,109.83,1.6812,2.2102,2.9289999,245885490
876,2015-12-21 14:30:00+00:00,112.59,1.7180000000000002,2.2454,2.99000001,90110289
877,2015-12-28 14:30:00+00:00,111.86,1.7582,2.2694,3.03800011,96316240
878,2016-01-04 14:30:00+00:00,104.01,1.5597,2.1165,2.9289999,262224228
879,2016-01-11 14:30:00+00:00,100.84,1.456,2.0382,2.8900001,336518661
880,2016-01-19 14:30:00+00:00,103.77,1.4828,2.0554,2.80900002,247128730
881,2016-01-25 14:30:00+00:00,104.13,1.3296,1.9235,2.78800011,231436736
882,2016-02-01 14:30:00+00:00,98.12,1.2403,1.834,2.6789999,259322888
883,2016-02-08 14:30:00+00:00,98.02,1.204,1.7481,2.50999999,350898865
884,2016-02-16 14:30:00+00:00,101.63,1.2278,1.7457,2.61199999,149581746
885,2016-02-22 14:30:00+00:00,103.43,1.2398,1.7641,2.59599996,154902236
886,2016-02-29 14:30:00+00:00,105.67,1.3774,1.8767,2.65799999,151593521
887,2016-03-07 14:30:00+00:00,106.49,1.4972,1.9901,2.69899988,162258643
888,2016-03-14 13:30:00+00:00,107.37,1.338,1.8784,2.68799996,150898627
889,2016-03-21 13:30:00+00:00,107.26,1.3835,1.9,2.65700006,76058968
890,2016-03-28 13:30:00+00:00,110.36,1.2241,1.774,2.61199999,115499742
891,2016-04-04 13:30:00+00:00,109.0,1.1575,1.7245,2.51300001,113792087
892,2016-04-11 13:30:00+00:00,110.64,1.2125,1.7561,2.60299993,118245887
893,2016-04-18 13:30:00+00:00,108.98,1.3617,1.8931,2.68499994,136975807
894,2016-04-25 13:30:00+00:00,105.72,1.2956,1.835,2.68199992,163850955
895,2016-05-02 13:30:00+00:00,105.58,1.2353,1.7841,2.59800005,142404385
896,2016-05-09 13:30:00+00:00,105.5,1.2072,1.7026,2.5940001,111690301
897,2016-05-16 13:30:00+00:00,106.47,1.3667,1.8436,2.63700008,133306670
898,2016-05-23 13:30:00+00:00,110.13,1.3864,1.851,2.64100003,125881704
899,2016-05-31 13:30:00+00:00,110.06,1.2356,1.6987,2.57800007,79904175
900,2016-06-06 13:30:00+00:00,108.94,1.1719,1.6472,2.47799993,89791994
901,2016-06-13 13:30:00+00:00,106.49,1.1226,1.6155,2.39599991,135895145
902,2016-06-20 13:30:00+00:00,104.29,1.0655,1.5531,2.55500007,152818015
903,2016-06-27 13:30:00+00:00,108.08,0.9938,1.4458,2.28900003,165865252
904,2016-07-05 13:30:00+00:00,110.3,0.946,1.3587,2.13499999,94366792
905,2016-07-11 13:30:00+00:00,111.8,1.1022,1.5458,2.25399995,102102709
906,2016-07-18 13:30:00+00:00,113.65,1.125,1.5766,2.28999996,103537285
907,2016-07-25 13:30:00+00:00,115.23,1.0237,1.4522,2.23399997,101163025
908,2016-08-01 13:30:00+00:00,116.78,1.1428,1.5946,2.25300002,86311599
909,2016-08-08 13:30:00+00:00,117.2,1.0974,1.5118,2.2750001,72671879
910,2016-08-15 13:30:00+00:00,117.26,1.169,1.5807,2.2579999,70698788
911,2016-08-22 13:30:00+00:00,116.78,1.2429999999999999,1.6425,2.26699996,92389432
912,2016-08-29 13:30:00+00:00,117.12,1.1898,1.5989,2.23200011,86230909
913,2016-09-06 13:30:00+00:00,114.28,1.2323,1.6879,2.30699992,107010709
914,2016-09-12 13:30:00+00:00,117.29,1.2033,1.6952,2.47000003,180794715
915,2016-09-19 13:30:00+00:00,118.33,1.1609,1.6253,2.33699989,110676046
916,2016-09-26 13:30:00+00:00,118.72,1.1508,1.597,2.27699995,104187342
917,2016-10-03 13:30:00+00:00,118.47,1.2616,1.7269,2.45600009,86908679
918,2016-10-10 13:30:00+00:00,117.14,1.2883,1.8012,2.48099995,105863923
919,2016-10-17 13:30:00+00:00,118.15,1.2445,1.7364,2.50500011,81002317
920,2016-10-24 13:30:00+00:00,117.1,1.3261,1.8486,2.61100006,114417560
921,2016-10-31 13:30:00+00:00,113.65,1.2354,1.7718,2.59699988,132410809
922,2016-11-07 14:30:00+00:00,115.8,1.5604,2.1518,2.94499993,231544169
923,2016-11-14 14:30:00+00:00,117.32,1.8042,2.362,3.00600004,121267925
924,2016-11-21 14:30:00+00:00,118.8,1.8395,2.3599,3.0467,69207927
925,2016-11-28 14:30:00+00:00,115.7,1.8241,2.3867,3.11100006,135110779
926,2016-12-05 14:30:00+00:00,119.5,1.8906,2.4665,3.10400009,115777023
927,2016-12-12 14:30:00+00:00,119.6,2.0687,2.5907,3.16499996,155529402
928,2016-12-19 14:30:00+00:00,120.2,2.0295,2.541,3.12700009,65332223
929,2016-12-27 14:30:00+00:00,118.48,1.9258,2.4452,3.0789999999999997,89102336
930,2017-01-03 14:30:00+00:00,121.93,1.9255,2.4202,3.01,86775241
931,2017-01-09 14:30:00+00:00,123.16,1.8986,2.3964,2.991,92325162
932,2017-01-17 14:30:00+00:00,123.25,1.9432,2.4696,3.0476,61839845
933,2017-01-23 14:30:00+00:00,125.8,1.9458,2.4834,3.0608,81216390
934,2017-01-30 14:30:00+00:00,125.68,1.9129,2.4694,3.0931,99018241
935,2017-02-06 14:30:00+00:00,127.38,1.8882,2.4082,3.0071,73198810
936,2017-02-13 14:30:00+00:00,129.81,1.9049,2.42,3.0259,84007001
937,2017-02-21 14:30:00+00:00,130.26,1.8077,2.3144,2.9530000000000003,66704016
938,2017-02-27 14:30:00+00:00,131.02,2.0157,2.4861,3.0741,88095215
939,2017-03-06 14:30:00+00:00,131.39,2.0997,2.5764,3.1639,86080977
940,2017-03-13 13:30:00+00:00,131.69,2.0301,2.5068,3.1124,87152223
941,2017-03-20 13:30:00+00:00,130.63,1.9534,2.4159,3.0158,118404211
942,2017-03-27 13:30:00+00:00,132.38,1.9162,2.3838,3.0118,91297078
943,2017-04-03 13:30:00+00:00,131.97,1.9246,2.3858,3.0106,104686744
944,2017-04-10 13:30:00+00:00,130.4,1.7691,2.2383,2.8956,89035850
945,2017-04-17 13:30:00+00:00,132.56,1.7653,2.2374,2.8979,88364270
946,2017-04-24 13:30:00+00:00,135.99,1.8109,2.2811,2.9523,106116358
947,2017-05-01 13:30:00+00:00,137.54,1.8766,2.3469,2.9819999999999998,100948861
948,2017-05-08 13:30:00+00:00,138.6,1.8534,2.3275,2.9905,109176106
949,2017-05-15 13:30:00+00:00,137.84,1.787,2.2433,2.8985,175959493
950,2017-05-22 13:30:00+00:00,141.22,1.7877,2.2478,2.9141,95301230
951,2017-05-30 13:30:00+00:00,143.46,1.7188,2.16,2.8104,110879435
952,2017-06-05 13:30:00+00:00,139.98,1.7697,2.2023,2.8568,192164103
953,2017-06-12 13:30:00+00:00,138.15,1.745,2.1531,2.7752,318973324
954,2017-06-19 13:30:00+00:00,141.24,1.7632,2.1466,2.7177,162058406
955,2017-06-26 13:30:00+00:00,137.64,1.8884,2.3028,2.8332,315463699
956,2017-07-03 13:30:00+00:00,137.76,1.9569999999999999,2.3909,2.9293,160314467
957,2017-07-10 13:30:00+00:00,142.12,1.871,2.3382,2.9214,158035446
958,2017-07-17 13:30:00+00:00,144.11,1.8097,2.2429,2.8125,160680534
959,2017-07-24 13:30:00+00:00,143.84,1.8372,2.2898,2.8957,192123292
960,2017-07-31 13:30:00+00:00,143.65,1.8189,2.2682,2.8397,152353441
961,2017-08-07 13:30:00+00:00,142.1,1.7478,2.1967,2.7921,194107930
962,2017-08-14 13:30:00+00:00,141.23,1.7622,2.1983,2.7793,222526122
963,2017-08-21 13:30:00+00:00,141.97,1.7618,2.1737,2.7473,163649282
964,2017-08-28 13:30:00+00:00,146.0,1.7466,2.1736,2.7793,134277490
965,2017-09-05 13:30:00+00:00,144.21,1.6365,2.0498,2.6689,126814531
966,2017-09-11 13:30:00+00:00,146.06,1.8122,2.2084,2.7739,167552672
967,2017-09-18 13:30:00+00:00,144.32,1.8715,2.2569999999999997,2.7832,130509785
968,2017-09-25 13:30:00+00:00,145.45,1.9376,2.3327,2.8589,185077709
969,2017-10-02 13:30:00+00:00,147.66,1.9628,2.367,2.9,128570933
970,2017-10-09 13:30:00+00:00,148.34,1.9065,2.281,2.8121,78290343
971,2017-10-16 13:30:00+00:00,148.71,2.0269,2.3872,2.8965,110019363
972,2017-10-23 13:30:00+00:00,151.24,2.0314,2.4101,2.9179,174161043
973,2017-10-30 13:30:00+00:00,153.27,1.995,2.3343,2.8137,144750957
974,2017-11-06 14:30:00+00:00,153.68,2.0182,2.378,2.8761,128145742
975,2017-11-13 14:30:00+00:00,153.95,2.0567,2.3444,2.7785,126020536
976,2017-11-20 14:30:00+00:00,156.26,2.0652,2.3414,2.7652,66800579
977,2017-11-27 14:30:00+00:00,154.49,2.1144,2.366,2.7646,235478340
978,2017-12-04 14:30:00+00:00,154.7,2.1382,2.376,2.7688,181318999
979,2017-12-11 14:30:00+00:00,157.65,2.1571,2.3574,2.6881,139961092
980,2017-12-18 14:30:00+00:00,157.37,2.249,2.4837,2.8328,139201208
981,2017-12-26 14:30:00+00:00,155.76,2.208,2.4099,2.7430000000000003,102886693
982,2018-01-02 14:30:00+00:00,161.92,2.2852,2.4772,2.8078,113725294
983,2018-01-08 14:30:00+00:00,164.49,2.355,2.5553,2.8515,140181763
984,2018-01-16 14:30:00+00:00,166.34,2.4491,2.6611,2.9299,140451482
985,2018-01-22 14:30:00+00:00,170.93,2.4702,2.6651,2.9154,179321555
986,2018-01-29 14:30:00+00:00,164.61,2.585,2.8411,3.0881,231230693
987,2018-02-05 14:30:00+00:00,156.1,2.5433,2.8575,3.1579,522959828
988,2018-02-12 14:30:00+00:00,164.96,2.6308,2.8786,3.1332,260833841
989,2018-02-20 14:30:00+00:00,168.17,2.62,2.8669,3.1567,165118734
990,2018-02-26 14:30:00+00:00,165.99,2.6283,2.8625,3.1382,258667832
991,2018-03-05 14:30:00+00:00,173.16,2.6485,2.8938,3.1597,166769458
992,2018-03-12 13:30:00+00:00,171.02,2.6503,2.8518,3.0810000000000004,193797387
993,2018-03-19 13:30:00+00:00,158.51,2.6095,2.819,3.062,296051948
994,2018-03-26 13:30:00+00:00,160.13,2.5687,2.7412,2.9725,294432829
995,2018-04-02 13:30:00+00:00,156.63,2.5976,2.778,3.0186,318333917
996,2018-04-09 13:30:00+00:00,161.37,2.6794,2.8322,3.0306,207106623
997,2018-04-16 13:30:00+00:00,162.3,2.8051,2.963,3.148,177193579
998,2018-04-23 13:30:00+00:00,162.09,2.8022,2.9577,3.1208,249435658
999,2018-04-30 13:30:00+00:00,164.87,2.7939,2.9553,3.1238,212656021
1000,2018-05-07 13:30:00+00:00,169.46,2.8399,2.9713,3.1045,139419484
1001,2018-05-14 13:30:00+00:00,167.46,2.8984,3.0633,3.2032,147822649
1002,2018-05-21 13:30:00+00:00,169.72,2.7635,2.9313,3.0922,124147196
1003,2018-05-29 13:30:00+00:00,172.74,2.7533,2.9058,3.0534,145100581
1004,2018-06-04 13:30:00+00:00,174.44,2.7905,2.9507,3.088,141656229
1005,2018-06-11 13:30:00+00:00,176.98,2.8043,2.9242,3.0489,168221833
1006,2018-06-18 13:30:00+00:00,175.32,2.7736,2.8986,3.0409,176449854
1007,2018-06-25 13:30:00+00:00,171.65,2.7446,2.8647,2.9917,252467540
1008,2018-07-02 13:30:00+00:00,175.61,2.7119,2.8245,2.9304,125914505
1009,2018-07-09 13:30:00+00:00,179.61,2.7317,2.8299,2.9326,137543182
1010,2018-07-16 13:30:00+00:00,178.99,2.773,2.8986,3.0293,142661988
1011,2018-07-23 13:30:00+00:00,177.62,2.8428,2.9561,3.0822,195436657
1012,2018-07-30 13:30:00+00:00,180.08,2.8167,2.9539,3.0934,220692724
1013,2018-08-06 13:30:00+00:00,180.52,2.7482,2.8777,3.0339,130056538
1014,2018-08-13 13:30:00+00:00,179.86,2.7422,2.8632,3.0179,169334634
1015,2018-08-20 13:30:00+00:00,182.48,2.7105,2.8179,2.9605,118152272
1016,2018-08-27 13:30:00+00:00,186.65,2.7516,2.8626,3.0185,136764880
1017,2018-09-04 13:30:00+00:00,181.11,2.8245,2.9452,3.1034,164407761
1018,2018-09-10 13:30:00+00:00,183.99,2.905,2.9977,3.134,154809730
1019,2018-09-17 13:30:00+00:00,183.71,2.9519,3.0656,3.2012,168693094
1020,2018-09-24 13:30:00+00:00,185.79,2.9597,3.0649,3.2086,157623805
1021,2018-10-01 13:30:00+00:00,180.15,3.0736,3.2404,3.4094,246001501
1022,2018-10-08 13:30:00+00:00,174.32,3.0269,3.1688,3.3394,475596333
1023,2018-10-15 13:30:00+00:00,173.02,3.0515,3.1925,3.3758,369262523
1024,2018-10-22 13:30:00+00:00,166.66,2.9088,3.0783,3.315,447925680
1025,2018-10-29 13:30:00+00:00,169.38,3.0407,3.2169,3.4616,406958137
1026,2018-11-05 14:30:00+00:00,171.52,3.037,3.1838,3.3863,216052785
1027,2018-11-12 14:30:00+00:00,167.5,2.8799,3.0647,3.3171,340622188
1028,2018-11-19 14:30:00+00:00,159.21,2.8747,3.0399,3.3056,236402840
1029,2018-11-26 14:30:00+00:00,169.37,2.818,2.9930000000000003,3.2933,230370153
1030,2018-12-03 14:30:00+00:00,161.38,2.6925,2.8495,3.1399,273514140
1031,2018-12-10 14:30:00+00:00,161.08,2.7356,2.8913,3.1461,289724329
1032,2018-12-17 14:30:00+00:00,147.57,2.6453,2.7982,3.0342,460464199
1033,2018-12-24 14:30:00+00:00,152.97,2.5580000000000003,2.7182,3.0256,318826322
1034,2018-12-31 14:30:00+00:00,156.23,2.5024,2.6677,2.9825,261121530
1035,2019-01-07 14:30:00+00:00,160.69,2.5389,2.7061,3.0372,217059829
1036,2019-01-14 14:30:00+00:00,165.25,2.6299,2.7878,3.097,201908850
1037,2019-01-22 14:30:00+00:00,165.15,2.6026,2.7621,3.0678,163697176
1038,2019-01-28 14:30:00+00:00,167.45,2.5117,2.6905,3.0291,175023957
1039,2019-02-04 14:30:00+00:00,168.56,2.4512,2.6339,2.985,153902095
1040,2019-02-11 14:30:00+00:00,171.94,2.4998,2.6662,2.9976,140098812
1041,2019-02-19 14:30:00+00:00,172.89,2.4863,2.6644,3.0231,105023433
1042,2019-02-25 14:30:00+00:00,174.39,2.5612,2.7576,3.1238,136227111
1043,2019-03-04 14:30:00+00:00,171.17,2.4353,2.6294,3.0143,166288570
1044,2019-03-11 13:30:00+00:00,178.35,2.4018,2.5925,3.0143,168841478
1045,2019-03-18 13:30:00+00:00,178.56,2.2453,2.4443,2.8786,233156486
1046,2019-03-25 13:30:00+00:00,179.66,2.2413,2.4121,2.8196,182255088
1047,2019-04-01 13:30:00+00:00,184.66,2.3053,2.4954,2.9028,139453587
1048,2019-04-08 13:30:00+00:00,185.83,2.3853,2.5742,2.9816,118535617
1049,2019-04-15 13:30:00+00:00,187.39,2.3726,2.5623,2.9642,106501194
1050,2019-04-22 13:30:00+00:00,190.65,2.2899,2.4964,2.9222,132455736
1051,2019-04-29 13:30:00+00:00,191.11,2.3284,2.5268,2.9174,162504930
1052,2019-05-06 13:30:00+00:00,185.0,2.2675,2.4716,2.8852,248233300
1053,2019-05-13 13:30:00+00:00,183.04,2.1812,2.3971,2.8311,235474382
1054,2019-05-20 13:30:00+00:00,178.16,2.1222,2.3215,2.7525,165809210
1055,2019-05-28 13:30:00+00:00,173.95,1.9225,2.1358,2.5747,142743591
1056,2019-06-03 13:30:00+00:00,181.04,1.8677,2.0904,2.5753,233854385
1057,2019-06-10 13:30:00+00:00,182.64,1.8441,2.0899,2.5929,156963638
1058,2019-06-17 13:30:00+00:00,188.57,1.7972,2.0626,2.5841,181132014
1059,2019-06-24 13:30:00+00:00,186.74,1.7648,2.0051,2.5266,116780514
1060,2019-07-01 13:30:00+00:00,191.05,1.839,2.0407,2.5419,86436848
1061,2019-07-08 13:30:00+00:00,193.53,1.8842,2.1315,2.6541,109114841
1062,2019-07-15 13:30:00+00:00,191.01,1.8163,2.0561,2.5828,111016315
1063,2019-07-22 13:30:00+00:00,195.29,1.8519,2.0747,2.594,107029181
1064,2019-07-29 13:30:00+00:00,187.35,1.6582,1.8459999999999999,2.3831,199249785
1065,2019-08-05 13:30:00+00:00,186.49,1.5907,1.7498,2.2633,238954816
1066,2019-08-12 13:30:00+00:00,185.48,1.4202,1.5513,2.0365,187749645
1067,2019-08-19 13:30:00+00:00,182.07,1.4075,1.5262,2.0212,142967077
1068,2019-08-26 13:30:00+00:00,187.47,1.3947,1.5003,1.9673,129378676
1069,2019-09-03 13:30:00+00:00,191.59,1.4409999999999998,1.5627,2.0308,103251767
1070,2019-09-09 13:30:00+00:00,192.54,1.7557,1.8993,2.3741,129575557
1071,2019-09-16 13:30:00+00:00,190.8,1.6169,1.7397,2.1747,128952119
1072,2019-09-23 13:30:00+00:00,187.03,1.5619999999999998,1.6844,2.1321,168347619
1073,2019-09-30 13:30:00+00:00,188.81,1.3503,1.5298,2.0168,180521831
1074,2019-10-07 13:30:00+00:00,191.11,1.5591,1.736,2.198,143558218
1075,2019-10-14 13:30:00+00:00,191.69,1.5692,1.7571,2.2543,106678697
1076,2019-10-21 13:30:00+00:00,195.64,1.6225,1.7978,2.2840000000000003,94827596
1077,2019-10-28 13:30:00+00:00,198.87,1.5490000000000002,1.7199,2.1982,108109967
1078,2019-11-04 14:30:00+00:00,201.23,1.7523,1.9465,2.4284,86895076
1079,2019-11-11 14:30:00+00:00,202.91,1.6551,1.8381,2.3119,76566051
1080,2019-11-18 14:30:00+00:00,201.83,1.629,1.7697,2.2225,107244012
1081,2019-11-25 14:30:00+00:00,205.1,1.63,1.7788,2.2068,59522425
1082,2019-12-02 14:30:00+00:00,205.0,1.6667,1.8411,2.2831,106484210
1083,2019-12-09 14:30:00+00:00,207.19,1.6549,1.8261,2.2553,120018666
1084,2019-12-16 14:30:00+00:00,211.71,1.7387,1.9206,2.3461,98474648
1085,2019-12-23 14:30:00+00:00,213.61,1.6764,1.8796,2.3182,66189240
1086,2019-12-30 14:30:00+00:00,214.18,1.5928,1.7951,2.2462,98579059
1087,2020-01-06 14:30:00+00:00,218.43,1.6332,1.8196,2.2761,116868117
1088,2020-01-13 14:30:00+00:00,223.38,1.6228,1.8241,2.2817,116291652
1089,2020-01-21 14:30:00+00:00,222.7,1.5137,1.6926,2.1383,105815263
1090,2020-01-27 14:30:00+00:00,219.07,1.315,1.5119,1.9972,189643347
1091,2020-02-03 14:30:00+00:00,229.2,1.4093,1.5912,2.0497,143046345
1092,2020-02-10 14:30:00+00:00,234.64,1.4470129999999999,1.588256,2.042128,122359872
1093,2020-02-18 14:30:00+00:00,230.27,1.324078,1.472084,1.9150790000000002,155414333
1094,2020-02-24 14:30:00+00:00,205.8,0.940434,1.15596,1.673466,533735221
1095,2020-03-02 14:30:00+00:00,208.02,0.6093,0.767,1.2885,486507550
1096,2020-03-09 13:30:00+00:00,192.34,0.7311,0.9813,1.5456,578894681
1097,2020-03-16 13:30:00+00:00,170.7,0.4648,0.8446,1.412,567348186
1098,2020-03-23 13:30:00+00:00,185.3,0.3832,0.6769,1.2683,447009015
1099,2020-03-30 13:30:00+00:00,183.37,0.3875,0.5963,1.2153,269684545
1100,2020-04-06 13:30:00+00:00,200.86,0.4093,0.7246,1.3476,248932364
1101,2020-04-13 13:30:00+00:00,215.29,0.3707,0.6536,1.2707,281370049
1102,2020-04-20 13:30:00+00:00,213.84,0.3814,0.6008,1.1707,228952578
1103,2020-04-27 13:30:00+00:00,212.74,0.3592,0.6228,1.2563,224185364
1104,2020-05-04 13:30:00+00:00,224.86,0.3369,0.6855,1.3834,177668565
1105,2020-05-11 13:30:00+00:00,223.27,0.3145,0.6468,1.3237,249586012
1106,2020-05-18 13:30:00+00:00,229.66,0.3398,0.6639,1.3728,188657151
1107,2020-05-26 13:30:00+00:00,233.36,0.3173,0.6583,1.4084,182607985
1108,2020-06-01 13:30:00+00:00,239.69,0.47200000000000003,0.9018,1.6759,182833907
1109,2020-06-08 13:30:00+00:00,235.88,0.3394,0.7075,1.4604,271022198
1110,2020-06-15 13:30:00+00:00,244.24,0.3344,0.7019,1.4659,208947494
1111,2020-06-22 13:30:00+00:00,240.22,0.305,0.6495,1.3744,192633787
1112,2020-06-29 13:30:00+00:00,252.19,0.2925,0.675,1.4302,139932729
1113,2020-07-06 13:30:00+00:00,263.97,0.2979,0.6463,1.3359,174791717
1114,2020-07-13 13:30:00+00:00,259.42,0.2811,0.6365,1.3315,273594453
1115,2020-07-20 13:30:00+00:00,255.56,0.2804,0.5913,1.2343,219336688
1116,2020-07-27 13:30:00+00:00,265.79,0.2106,0.5347,1.1975,190835630
1117,2020-08-03 13:30:00+00:00,271.47,0.2389,0.5698,1.2387,151696353
1118,2020-08-10 13:30:00+00:00,272.16,0.2977,0.7069,1.4445,179782179
1119,2020-08-17 13:30:00+00:00,281.87,0.2628,0.6363,1.347,142804136
1120,2020-08-24 13:30:00+00:00,292.53,0.2815,0.7309,1.507,191005546
1121,2020-08-31 13:30:00+00:00,283.58,0.3006,0.7213,1.4708,357595828
1122,2020-09-08 13:30:00+00:00,270.45,0.2563,0.6641,1.4161,305882993
1123,2020-09-14 13:30:00+00:00,266.87,0.2882,0.6970000000000001,1.4571,290632707
1124,2020-09-21 13:30:00+00:00,271.56,0.2689,0.6626,1.4065,273008806
1125,2020-09-28 13:30:00+00:00,274.31,0.2784,0.6923,1.4808,260515623
1126,2020-10-05 13:30:00+00:00,285.71,0.3421,0.7803,1.5765,161072911
1127,2020-10-12 13:30:00+00:00,288.51,0.3217,0.7523,1.5334,263876794
1128,2020-10-19 13:30:00+00:00,284.74,0.3781,0.8379,1.6396,155112956
1129,2020-10-26 13:30:00+00:00,269.38,0.3875,0.8754,1.6605,231575935
1130,2020-11-02 14:30:00+00:00,294.61,0.3721,0.8168,1.6068,252333710
1131,2020-11-09 14:30:00+00:00,290.93,0.4094,0.9028,1.6522,251062288
1132,2020-11-16 14:30:00+00:00,290.38,0.3715,0.8276,1.524,128707173
1133,2020-11-23 14:30:00+00:00,299.01,0.3671,0.8406,1.5732,91882320
1134,2020-11-30 14:30:00+00:00,305.52,0.4194,0.9675,1.7371,121259683
1135,2020-12-07 14:30:00+00:00,307.35,0.4036,0.9377,1.6857,48154120
