,date,close,"US05Y, TVC: Open","US10Y, TVC: Open","US30Y, TVC: Open",Volume
0,1999-03-08 14:30:00+00:00,50.0625,5.19899988,5.26900005,5.58900023,23664406
1,1999-03-15 14:30:00+00:00,51.21875,5.06799984,5.15500021,5.51999998,27248600
2,1999-03-22 14:30:00+00:00,51.75,5.12099981,5.20300007,5.5710001,40824202
3,1999-03-29 14:30:00+00:00,53.5625,5.12900019,5.25899982,5.64300013,27026798
4,1999-04-05 13:30:00+00:00,55.8125,5.04199982,5.1869998,5.59100008,38042402
5,1999-04-12 13:30:00+00:00,51.96875,4.96899986,5.05299997,5.44999981,77074602
6,1999-04-19 13:30:00+00:00,55.3125,5.03599977,5.1420002,5.51399994,68509604
7,1999-04-26 13:30:00+00:00,53.71875,5.11199999,5.21999979,5.57399988,64024004
8,1999-05-03 13:30:00+00:00,52.96875,5.21899986,5.35900021,5.65700006,70784592
9,1999-05-10 13:30:00+00:00,53.40625,5.36499977,5.53599977,5.79400015,53981796
10,1999-05-17 13:30:00+00:00,52.875,5.51100016,5.63999987,5.88999987,43628994
11,1999-05-24 13:30:00+00:00,52.03125,5.41599989,5.47900009,5.76200008,90417592
12,1999-05-31 13:30:00+00:00,52.5625,5.72599983,5.76200008,5.92600012,43091802
13,1999-06-07 13:30:00+00:00,51.78125,5.71999979,5.796,5.96999979,53970994
14,1999-06-14 13:30:00+00:00,55.0625,5.86399984,5.96299982,6.09399986,60015800
15,1999-06-21 13:30:00+00:00,54.6875,5.78999996,5.89099979,6.0250001,54659398
16,1999-06-28 13:30:00+00:00,58.75,5.82999992,5.94700003,6.09499979,46258800
17,1999-07-05 13:30:00+00:00,59.84375,5.74800014,5.86999989,6.03800011,34730996
18,1999-07-12 13:30:00+00:00,61.375,5.59899998,5.73000002,5.90299988,32409200
19,1999-07-19 13:30:00+00:00,57.28125,5.54699993,5.66699982,5.90399981,59914194
20,1999-07-26 13:30:00+00:00,56.59375,5.70699978,5.84600019,6.03100014,58595786
21,1999-08-02 13:30:00+00:00,55.328125,5.81599998,5.92399979,6.12200022,66962408
22,1999-08-09 13:30:00+00:00,57.65625,6.00400019,6.13100004,6.23799992,64909604
23,1999-08-16 13:30:00+00:00,57.96875,5.86100006,5.96600008,6.08599997,46992796
24,1999-08-23 13:30:00+00:00,59.875,5.79500008,5.89099979,5.9829998,54283796
25,1999-08-30 13:30:00+00:00,62.65625,5.85900021,5.95699978,6.06099987,64262602
26,1999-09-06 13:30:00+00:00,63.125,5.82200003,5.94899988,6.07700014,46241000
27,1999-09-13 13:30:00+00:00,63.3125,5.76999998,5.89799976,6.05000019,63236800
28,1999-09-20 13:30:00+00:00,60.078125,5.79099989,5.90600014,6.07200003,74231588
29,1999-09-27 13:30:00+00:00,60.210935,5.71600008,5.83099985,6.01599979,85999398
30,1999-10-04 13:30:00+00:00,63.75781,5.82600021,5.93100023,6.08799982,95595612
31,1999-10-11 13:30:00+00:00,59.875,5.95300007,6.03700018,6.1960001,111602804
32,1999-10-18 13:30:00+00:00,61.96875,6.04300022,6.14900017,6.3210001,112902592
33,1999-10-25 13:30:00+00:00,65.75,6.11899996,6.20499992,6.35200024,75724796
34,1999-11-01 14:30:00+00:00,68.1875,5.9749999,6.05000019,6.18400002,76452398
35,1999-11-08 14:30:00+00:00,72.1875,5.86800003,5.93499994,6.0539999,89229592
36,1999-11-15 14:30:00+00:00,75.78125,5.85300016,5.92199993,6.02899981,87397592
37,1999-11-22 14:30:00+00:00,77.6875,6.02899981,6.08900023,6.19099998,69552200
38,1999-11-29 14:30:00+00:00,79.125,6.14099979,6.20599985,6.30900002,106062602
39,1999-12-06 14:30:00+00:00,79.5,6.05900002,6.14099979,6.23799992,107850398
40,1999-12-13 14:30:00+00:00,83.78125,6.00699997,6.10200024,6.20300007,126875806
41,1999-12-20 14:30:00+00:00,89.65625,6.27099991,6.3579998,6.44000006,81250398
42,1999-12-27 14:30:00+00:00,91.375,6.30999994,6.39900017,6.46700001,87480796
43,2000-01-03 14:30:00+00:00,88.5,6.51100016,6.59399986,6.62099981,177778006
44,2000-01-10 14:30:00+00:00,92.6875,6.46700001,6.553999900000001,6.58500004,138293214
45,2000-01-18 14:30:00+00:00,96.25,6.625,6.75299978,6.75,80396408
46,2000-01-24 14:30:00+00:00,85.75,6.56400013,6.68900013,6.64900017,150744406
47,2000-01-31 14:30:00+00:00,96.90625,6.68499994,6.66200018,6.48799992,145812804
48,2000-02-07 14:30:00+00:00,99.0,6.73500013,6.64499998,6.34100008,118254204
49,2000-02-14 14:30:00+00:00,98.8125,6.67399979,6.55999994,6.22599983,134040592
50,2000-02-22 14:30:00+00:00,104.1875,6.55800009,6.36299992,6.08599997,150872806
51,2000-02-28 14:30:00+00:00,109.523435,6.57600021,6.41800022,6.18900013,151411206
52,2000-03-06 14:30:00+00:00,114.6875,6.61899996,6.41300011,6.14400005,166009970
53,2000-03-13 14:30:00+00:00,110.8125,6.57399988,6.36999989,6.16900015,214549820
54,2000-03-20 14:30:00+00:00,117.875,6.45599985,6.19199991,6.00299978,120219184
55,2000-03-27 14:30:00+00:00,109.5,6.49800014,6.1869998,5.97700024,130944183
56,2000-04-03 13:30:00+00:00,106.0,6.26800013,5.96500015,5.8119998,185878032
57,2000-04-10 13:30:00+00:00,79.75,6.0630002,5.80499983,5.66800022,203469904
58,2000-04-17 13:30:00+00:00,86.875,6.27400017,6.04199982,5.92799997,140968704
59,2000-04-24 13:30:00+00:00,94.5,6.27600002,6.02299976,5.87200022,147399200
60,2000-05-01 13:30:00+00:00,91.5,6.59399986,6.28399992,5.99300003,108413792
61,2000-05-08 13:30:00+00:00,84.6875,6.82700014,6.56799984,6.24800014,111050110
62,2000-05-15 13:30:00+00:00,81.6875,6.70900011,6.45200014,6.15600014,109349392
63,2000-05-22 13:30:00+00:00,77.6875,6.66499996,6.44999981,6.1880002,173084400
64,2000-05-30 13:30:00+00:00,93.25,6.62900019,6.38000011,6.09499979,121775712
65,2000-06-05 13:30:00+00:00,93.5625,6.36399984,6.11600018,5.91900015,105822320
66,2000-06-12 13:30:00+00:00,94.17187,6.31400013,6.079,5.87699986,101535285
67,2000-06-19 13:30:00+00:00,91.64062,6.20499992,6.00299978,5.89599991,107911408
68,2000-06-26 13:30:00+00:00,93.1875,6.29199982,6.10200024,5.98199987,92372414
69,2000-07-03 13:30:00+00:00,95.40625,6.12599993,5.99100018,5.86199999,61201600
70,2000-07-10 13:30:00+00:00,100.625,6.13600016,6.04300022,5.88600016,81669692
71,2000-07-17 13:30:00+00:00,97.3125,6.3039999,6.15199995,5.91699982,88301392
72,2000-07-24 13:30:00+00:00,86.8125,6.17000008,6.03100014,5.81599998,119800112
73,2000-07-31 13:30:00+00:00,90.0,6.15500021,6.03999996,5.78299999,124299386
74,2000-08-07 13:30:00+00:00,90.875,6.06500006,5.96299982,5.75699997,83976612
75,2000-08-14 13:30:00+00:00,95.14062,6.06400013,5.77299976,5.69199991,70685898
76,2000-08-21 13:30:00+00:00,98.375,6.0999999,5.78700018,5.70699978,74859507
77,2000-08-28 13:30:00+00:00,102.5,6.00099993,5.77199984,5.72599983,63397199
78,2000-09-05 13:30:00+00:00,94.875,5.90899992,5.68900013,5.66800022,76607306
79,2000-09-11 13:30:00+00:00,91.375,5.98400021,5.77699995,5.72900009,137741296
80,2000-09-18 13:30:00+00:00,92.9375,5.90700006,5.87099981,5.95599985,147265408
81,2000-09-25 13:30:00+00:00,88.6875,5.93499994,5.84800005,5.89900017,130066016
82,2000-10-02 13:30:00+00:00,83.0,5.84299994,5.83099985,5.92700005,158147904
83,2000-10-09 13:30:00+00:00,81.25,5.85900021,5.8210001,5.8499999,208200592
84,2000-10-16 13:30:00+00:00,86.3125,5.74399996,5.73600006,5.80700016,227621600
85,2000-10-23 13:30:00+00:00,79.71875,5.64300013,5.59399986,5.68200016,230119104
86,2000-10-30 14:30:00+00:00,83.0625,5.83300018,5.73600006,5.76000023,180972096
87,2000-11-06 14:30:00+00:00,71.75,5.88999987,5.84399986,5.88600016,202328608
88,2000-11-13 14:30:00+00:00,72.82812,5.71400023,5.76999998,5.84100008,241399904
89,2000-11-20 14:30:00+00:00,70.4375,5.6500001,5.67299986,5.75600004,165583184
90,2000-11-27 14:30:00+00:00,64.0,5.61399984,5.62599993,5.69899988,282372768
91,2000-12-04 14:30:00+00:00,68.0,5.4749999,5.55499983,5.69399977,296251776
92,2000-12-11 14:30:00+00:00,63.875,5.33300018,5.36199999,5.54400015,235064800
93,2000-12-18 14:30:00+00:00,60.5,5.13100004,5.17399979,5.4460001,347735680
94,2000-12-26 14:30:00+00:00,58.375,4.94399977,5.05600023,5.42799997,151218304
95,2001-01-02 14:30:00+00:00,56.625,4.757999900000001,4.921,5.34299994,307969056
96,2001-01-08 14:30:00+00:00,62.73437,4.67000008,4.95599985,5.43900013,309281008
97,2001-01-16 14:30:00+00:00,66.3125,4.93200016,5.23400021,5.59899998,204669696
98,2001-01-22 14:30:00+00:00,65.54687,4.85699987,5.22700024,5.60500002,242223200
99,2001-01-29 14:30:00+00:00,61.55,4.96299982,5.31500006,5.69099998,226240416
100,2001-02-05 14:30:00+00:00,56.39999,4.86199999,5.171,5.49300003,243915728
101,2001-02-12 14:30:00+00:00,55.13,4.83799982,5.0539999,5.41800022,307012704
102,2001-02-20 14:30:00+00:00,51.179990000000004,4.90600014,5.10699987,5.45900011,324794144
103,2001-02-26 14:30:00+00:00,46.7,4.77299976,5.03999996,5.43499994,444901552
104,2001-03-05 14:30:00+00:00,45.10001,4.74800014,4.97800016,5.37900019,288786208
105,2001-03-12 14:30:00+00:00,41.10001,4.671,4.89699984,5.30100012,409704880
106,2001-03-19 14:30:00+00:00,42.8,4.546,4.8130002,5.29099989,479766832
107,2001-03-26 14:30:00+00:00,39.14999,4.54199982,4.86899996,5.36800003,348842208
108,2001-04-02 13:30:00+00:00,36.3,4.6079998,4.97300005,5.48899984,408197136
109,2001-04-09 13:30:00+00:00,42.8,4.50199986,4.92799997,5.50600004,318092256
110,2001-04-16 13:30:00+00:00,48.39999,4.85400009,5.25600004,5.6869998,479001456
111,2001-04-23 13:30:00+00:00,45.14999,4.69299984,5.1789999,5.71799994,364154816
112,2001-04-30 13:30:00+00:00,48.2,4.88800001,5.33599997,5.78599977,345673088
113,2001-05-07 13:30:00+00:00,45.55,4.73099995,5.19500017,5.67500019,273303600
114,2001-05-14 13:30:00+00:00,48.03999,4.94099998,5.4369998,5.84899998,307015088
115,2001-05-21 13:30:00+00:00,48.99001,4.98699999,5.38600016,5.74100018,326186176
116,2001-05-29 13:30:00+00:00,46.05,5.05299997,5.52199984,5.86000013,277837296
117,2001-06-04 13:30:00+00:00,47.35001,4.92299986,5.34299994,5.69700003,292730112
118,2001-06-11 13:30:00+00:00,42.60001,4.84399986,5.28900003,5.69199991,371450528
119,2001-06-18 13:30:00+00:00,43.25,4.71799994,5.26000023,5.70200014,339450496
120,2001-06-25 13:30:00+00:00,45.7,4.61899996,5.12799978,5.59000015,297291920
121,2001-07-02 13:30:00+00:00,41.64999,4.84200001,5.32499981,5.68599987,173435312
122,2001-07-09 13:30:00+00:00,43.14999,4.82299995,5.33300018,5.68900013,314331408
123,2001-07-16 13:30:00+00:00,41.64999,4.68200016,5.17299986,5.579,303360096
124,2001-07-23 13:30:00+00:00,41.95,4.63100004,5.10400009,5.52699995,311219440
125,2001-07-30 13:30:00+00:00,43.179990000000004,4.5630002,5.07399988,5.51599979,253691600
126,2001-08-06 13:30:00+00:00,40.28,4.65999985,5.15700006,5.59499979,280821584
127,2001-08-13 13:30:00+00:00,37.75999,4.50199986,4.97200012,5.51499987,283214800
128,2001-08-20 13:30:00+00:00,39.3,4.48000002,4.90899992,5.45699978,284597488
129,2001-08-27 13:30:00+00:00,36.63,4.48699999,4.92799997,5.46099997,305616288
130,2001-09-04 13:30:00+00:00,33.7,4.53000021,4.95800018,5.48600006,353630944
131,2001-09-10 13:30:00+00:00,34.10001,4.32600021,4.84200001,5.4380002,80367872
132,2001-09-17 13:30:00+00:00,28.19,3.89899993,4.62200022,5.41699982,483754448
133,2001-09-24 13:30:00+00:00,28.98,3.86299992,4.71999979,5.57600021,384105216
134,2001-10-01 13:30:00+00:00,31.759990000000002,3.78399992,4.54199982,5.375,487780528
135,2001-10-08 13:30:00+00:00,34.55,3.72199988,4.50400019,5.31500006,428289712
136,2001-10-15 13:30:00+00:00,33.55,3.81299996,4.60400009,5.36999989,468692240
137,2001-10-22 13:30:00+00:00,36.00999,3.85599995,4.64099979,5.38700008,480660896
138,2001-10-29 14:30:00+00:00,35.60001,3.68300009,4.48600006,5.26499987,451961680
139,2001-11-05 14:30:00+00:00,37.73,3.56100011,4.31099987,4.85099983,444004064
140,2001-11-12 14:30:00+00:00,39.37,3.69700003,4.38100004,4.91699982,449898912
141,2001-11-19 14:30:00+00:00,39.28,4.14799976,4.8039999,5.24300003,242259536
142,2001-11-26 14:30:00+00:00,39.64999,4.41200018,5.01599979,5.375,426879760
143,2001-12-03 14:30:00+00:00,41.73,3.99000001,4.69099998,5.24399996,414825968
144,2001-12-10 14:30:00+00:00,40.11,4.39400005,5.10400009,5.56099987,360787568
145,2001-12-17 14:30:00+00:00,39.48,4.48099995,5.18400002,5.55499983,332119408
146,2001-12-24 14:30:00+00:00,40.33,4.54099989,5.13999987,5.53700018,123846606
147,2001-12-31 14:30:00+00:00,41.67,4.33699989,5.02899981,5.55800009,280508496
148,2002-01-07 14:30:00+00:00,40.85001,4.43200016,5.04899979,5.48799992,363485504
149,2002-01-14 14:30:00+00:00,38.59,4.11100006,4.88399982,5.37900019,385943088
150,2002-01-22 14:30:00+00:00,38.83,4.171,4.91900015,5.38899994,292766640
151,2002-01-28 14:30:00+00:00,38.14,4.44099998,5.07499981,5.46999979,363341712
152,2002-02-04 14:30:00+00:00,36.17,4.29699993,4.90700006,5.34899998,446293504
153,2002-02-11 14:30:00+00:00,35.78,4.171,4.91599989,5.40299988,327390416
154,2002-02-19 14:30:00+00:00,33.64999,4.18100023,4.87099981,5.38600016,388059312
155,2002-02-25 14:30:00+00:00,35.74001,4.14400005,4.85300016,5.36600018,460526448
156,2002-03-04 14:30:00+00:00,38.67,4.31500006,4.99900007,5.50600004,453942080
157,2002-03-11 14:30:00+00:00,37.23,4.704,5.3210001,5.72300005,359802496
158,2002-03-18 14:30:00+00:00,36.679990000000004,4.71099997,5.30100012,5.73999977,350943328
159,2002-03-25 14:30:00+00:00,36.06,4.82200003,5.40700006,5.80299997,304003088
160,2002-04-01 14:30:00+00:00,34.37,4.81799984,5.42600012,5.83199978,393232304
161,2002-04-08 13:30:00+00:00,33.52,4.63000011,5.26300001,5.71600008,410674064
162,2002-04-15 13:30:00+00:00,34.46001,4.49100018,5.13800001,5.62099981,364103264
163,2002-04-22 13:30:00+00:00,31.039990000000003,4.50699997,5.17799997,5.67600012,409988352
164,2002-04-29 13:30:00+00:00,29.740009999999998,4.37300014,5.11999989,5.62799978,468712352
165,2002-05-06 13:30:00+00:00,29.56,4.35500002,5.06699991,5.54300022,547402736
166,2002-05-13 13:30:00+00:00,32.929990000000004,4.45200014,5.22300005,5.68900013,579019296
167,2002-05-20 13:30:00+00:00,31.240009999999998,4.59399986,5.19899988,5.69899988,422200448
168,2002-05-28 13:30:00+00:00,30.039990000000003,4.45300007,5.13000011,5.66699982,314315296
169,2002-06-03 13:30:00+00:00,28.3,4.35699987,4.99800014,5.59600019,470081312
170,2002-06-10 13:30:00+00:00,27.62,4.32499981,5.03100014,5.60900021,530447680
171,2002-06-17 13:30:00+00:00,25.82001,4.11499977,4.84700012,5.46400023,483096672
172,2002-06-24 13:30:00+00:00,26.10001,4.05200005,4.82999992,5.45699978,634684320
173,2002-07-01 13:30:00+00:00,26.34,4.04099989,4.78299999,5.48099995,334240832
174,2002-07-08 13:30:00+00:00,24.8,4.08699989,4.79799986,5.48000002,603944528
175,2002-07-15 13:30:00+00:00,23.99001,3.75099993,4.62799978,5.38199997,685497264
176,2002-07-22 13:30:00+00:00,22.67,3.65300012,4.4460001,5.28100014,737279248
177,2002-07-29 13:30:00+00:00,22.25,3.39400005,4.56400013,5.421,479823552
178,2002-08-05 13:30:00+00:00,23.33,3.20900011,4.20900011,5.16099977,531195792
179,2002-08-12 13:30:00+00:00,24.7,3.23200011,4.21299982,5.06899977,470019760
180,2002-08-19 13:30:00+00:00,25.14999,3.42199993,4.28599977,5.05499983,422946624
181,2002-08-26 13:30:00+00:00,23.49001,3.28800011,4.23099995,5.0170002,447957664
182,2002-09-03 13:30:00+00:00,22.85001,3.19499993,3.96499991,4.8130002,342887376
183,2002-09-09 13:30:00+00:00,22.99001,3.04099989,4.05999994,4.87099981,371641072
184,2002-09-16 13:30:00+00:00,21.67,2.97199988,3.91300011,4.76300001,404799424
185,2002-09-23 13:30:00+00:00,21.31,2.82299995,3.69499993,4.67600012,459006752
186,2002-09-30 13:30:00+00:00,20.35001,2.69899988,3.5999999,4.67000008,444721696
187,2002-10-07 13:30:00+00:00,22.22,2.69000006,3.61500001,4.71199989,511662080
188,2002-10-14 13:30:00+00:00,23.81,2.77099991,3.8039998999999995,4.81599998,475578320
189,2002-10-21 13:30:00+00:00,24.62,3.2420001,4.25600004,5.14400005,424960064
190,2002-10-28 14:30:00+00:00,25.25,3.02699995,4.08900023,5.10599995,452349248
191,2002-11-04 14:30:00+00:00,25.07001,2.86400008,4.04500008,5.0619998,466707008
192,2002-11-11 14:30:00+00:00,26.44,2.86199999,3.84299994,4.78999996,438373760
193,2002-11-18 14:30:00+00:00,27.72,3.01999998,3.98900008,4.86499977,420195200
194,2002-11-25 14:30:00+00:00,27.72,3.24600005,4.17700005,5.03000021,261103552
195,2002-12-02 14:30:00+00:00,26.47,3.26099992,4.23099995,5.04799986,459995120
196,2002-12-09 14:30:00+00:00,25.03999,3.09500003,4.03700018,4.93400002,344950736
197,2002-12-16 14:30:00+00:00,25.32001,3.05500007,4.15999985,5.02400017,352477920
198,2002-12-23 14:30:00+00:00,24.82001,2.90100002,3.9690001000000006,4.89900017,139134318
199,2002-12-30 14:30:00+00:00,25.67999,2.7579999,3.79200006,4.75500011,208883120
200,2003-01-06 14:30:00+00:00,27.100009999999997,2.97199988,4.05499983,4.95200014,389300192
201,2003-01-13 14:30:00+00:00,25.31,3.12400007,4.12300014,5.04799986,322817712
202,2003-01-21 14:30:00+00:00,24.82001,2.9749999,3.97300005,4.92299986,302233328
203,2003-01-27 14:30:00+00:00,24.44,2.89400005,3.96600008,4.867000099999999,398740976
204,2003-02-03 14:30:00+00:00,23.81,2.9849999,3.99799991,4.84200001,378800320
205,2003-02-10 14:30:00+00:00,24.49001,2.90100002,3.97000003,4.8130002,342750640
206,2003-02-18 14:30:00+00:00,25.17,2.88400006,3.95099998,4.88700008,249932880
207,2003-02-24 14:30:00+00:00,25.16,2.84800005,3.8499999,4.84899998,308602464
208,2003-03-03 14:30:00+00:00,24.53999,2.68799996,3.67499995,4.69099998,318619424
209,2003-03-10 14:30:00+00:00,25.72,2.57200003,3.56399989,4.68599987,407269680
210,2003-03-17 14:30:00+00:00,27.17,2.72600007,3.83999991,4.71099997,516256176
211,2003-03-24 14:30:00+00:00,26.08,3.0789999999999997,3.9690001000000006,5.03700018,341713584
212,2003-03-31 14:30:00+00:00,26.05,2.80299997,3.80200005,4.91400003,375655888
213,2003-04-07 13:30:00+00:00,25.50999,2.83200002,3.98000002,5.0,339932688
214,2003-04-14 13:30:00+00:00,26.820009999999996,2.89299989,4.01599979,4.95200014,259066096
215,2003-04-21 13:30:00+00:00,26.95,2.95700002,3.98699999,4.89300013,330100848
216,2003-04-28 13:30:00+00:00,28.28,2.82399988,3.90400004,4.81500006,351568624
217,2003-05-05 13:30:00+00:00,28.41,2.83500004,3.88800001,4.83500004,367585552
218,2003-05-12 13:30:00+00:00,28.7,2.61800003,3.63899994,4.67299986,328144400
219,2003-05-19 13:30:00+00:00,28.100009999999997,2.39100003,3.48799992,4.41400003,328297760
220,2003-05-27 13:30:00+00:00,29.789990000000003,2.31399989,3.41799998,4.26000023,353767520
221,2003-06-02 13:30:00+00:00,30.13,2.28999996,3.41199994,4.37799978,519088944
222,2003-06-09 13:30:00+00:00,29.960009999999997,2.27200007,3.27900004,4.39900017,415228624
223,2003-06-16 13:30:00+00:00,30.38,2.03399992,3.17400002,4.17600012,370667264
224,2003-06-23 13:30:00+00:00,29.83,2.2650001,3.31299996,4.43400002,425804928
225,2003-06-30 13:30:00+00:00,30.58,2.43300009,3.51600003,4.58500004,310046992
226,2003-07-07 13:30:00+00:00,31.84,2.46700001,3.73600006,4.68100023,431852368
227,2003-07-14 13:30:00+00:00,31.28,2.50699997,3.7249999,4.68400002,433466768
228,2003-07-21 13:30:00+00:00,31.8,2.86500001,4.21000004,4.93499994,439403136
229,2003-07-28 13:30:00+00:00,31.460009999999997,2.99000001,4.28499985,5.12599993,352743696
230,2003-08-04 13:30:00+00:00,30.070009999999996,3.27600002,4.28999996,5.31799984,438529072
231,2003-08-11 13:30:00+00:00,31.17,3.1960001,4.36000013,5.23699999,260901392
232,2003-08-18 13:30:00+00:00,32.44,3.39899993,4.46000004,5.39499998,364311984
233,2003-08-25 13:30:00+00:00,33.39,3.45799994,4.53000021,5.26100016,278819024
234,2003-09-02 13:30:00+00:00,33.94,3.43700004,4.61000013,5.21999979,320712112
235,2003-09-08 13:30:00+00:00,33.820009999999996,3.29099989,4.42999983,5.19199991,471073200
236,2003-09-15 13:30:00+00:00,34.58,3.14199996,4.26999998,5.16200018,383523376
237,2003-09-22 13:30:00+00:00,32.58,3.10599995,4.21000004,5.07299995,515609616
238,2003-09-29 13:30:00+00:00,34.19,2.88100004,4.07999992,4.921,520006880
239,2003-10-06 13:30:00+00:00,35.00999,3.0309999,4.17199993,5.0539999,387526336
240,2003-10-13 13:30:00+00:00,34.61,3.13599992,4.26900005,5.16499996,395087264
241,2003-10-20 13:30:00+00:00,34.2,3.28699994,4.38700008,5.20100021,441172432
242,2003-10-27 14:30:00+00:00,35.179990000000004,3.14599991,4.27699995,5.11299992,395901184
243,2003-11-03 14:30:00+00:00,35.63,3.25099993,4.34399986,5.13500023,353915696
244,2003-11-10 14:30:00+00:00,35.03999,3.41199994,4.44399977,5.23199987,381409056
245,2003-11-17 14:30:00+00:00,34.23199,3.1170001,4.19799995,5.00199986,502881360
246,2003-11-24 14:30:00+00:00,35.38,3.13400006,4.23199987,5.00199986,262438240
247,2003-12-01 14:30:00+00:00,35.03999,3.35899997,4.38600016,5.13199997,445796032
248,2003-12-08 14:30:00+00:00,35.24001,3.18700004,4.27099991,5.05299997,481340176
249,2003-12-15 14:30:00+00:00,35.46001,3.18300009,4.25899982,5.06500006,444500496
250,2003-12-22 14:30:00+00:00,35.85001,3.102,4.17199993,4.93499994,200999104
251,2003-12-29 14:30:00+00:00,36.36,3.15400004,4.24399996,4.97100019,227416608
252,2004-01-05 14:30:00+00:00,37.73,3.33100009,4.38000011,5.16300011,374256432
253,2004-01-12 14:30:00+00:00,38.570009999999996,2.98600006,4.09000015,4.97599983,421682752
254,2004-01-20 14:30:00+00:00,38.00999,3.00999999,4.0630002,4.88899994,374084000
255,2004-01-26 14:30:00+00:00,37.070009999999996,3.11599994,4.1329999,4.98699999,538470144
256,2004-02-02 14:30:00+00:00,37.131,3.1500001,4.14699984,4.98500013,482540384
257,2004-02-09 14:30:00+00:00,36.94,3.05500007,4.05999994,4.89900017,377789360
258,2004-02-17 14:30:00+00:00,36.86,3.00399995,4.03999996,4.91400003,374140064
259,2004-02-23 14:30:00+00:00,36.570009999999996,3.00500011,4.03900003,4.90399981,495298880
260,2004-03-01 14:30:00+00:00,36.63,2.89899993,3.9749999,4.81899977,439573520
261,2004-03-08 14:30:00+00:00,35.50999,2.70499992,3.76999998,4.70300007,644170192
262,2004-03-15 14:30:00+00:00,34.75,2.73300004,3.76600003,4.70900011,543068128
263,2004-03-22 14:30:00+00:00,35.22,2.68199992,3.72399998,4.66699982,600237392
264,2004-03-29 14:30:00+00:00,37.10001,2.78800011,3.89199996,4.76200008,524930624
265,2004-04-05 13:30:00+00:00,36.94,3.12599993,4.21600008,4.96899986,334425424
266,2004-04-12 13:30:00+00:00,36.09,3.2579999,4.23000002,5.06400013,504432176
267,2004-04-19 13:30:00+00:00,37.21001,3.34200001,4.38600016,5.15100002,554672016
268,2004-04-26 13:30:00+00:00,34.77,3.56399989,4.44799995,5.21999979,581799072
269,2004-05-03 13:30:00+00:00,34.97,3.6170001000000003,4.50199986,5.28000021,581287120
270,2004-05-10 13:30:00+00:00,34.75,3.90100002,4.80100012,5.4460001,747624016
271,2004-05-17 13:30:00+00:00,35.019,3.82500005,4.69500017,5.42600012,595685744
272,2004-05-24 13:30:00+00:00,36.55,3.87800002,4.73400021,5.43499994,507027168
273,2004-06-01 13:30:00+00:00,36.19,3.83999991,4.70300007,5.39699984,383203808
274,2004-06-07 13:30:00+00:00,36.84,3.92199993,4.76300001,5.454,335638688
275,2004-06-14 13:30:00+00:00,36.44,4.09600019,4.87599993,5.53200006,399378864
276,2004-06-21 13:30:00+00:00,37.33,3.90400004,4.68599987,5.36999989,435818864
277,2004-06-28 13:30:00+00:00,36.820009999999996,3.74499989,4.73699999,5.32299995,456752304
278,2004-07-06 13:30:00+00:00,35.75,3.71199989,4.47599983,5.1880002,421527200
279,2004-07-12 13:30:00+00:00,34.67,3.61100006,4.44899988,5.1869998,494346992
280,2004-07-19 13:30:00+00:00,34.21001,3.56100011,4.36100006,5.11199999,602629504
281,2004-07-26 13:30:00+00:00,34.89,3.73099995,4.48899984,5.21299982,553765872
282,2004-08-02 13:30:00+00:00,32.72,3.66499996,4.45300007,5.19399977,512876496
283,2004-08-09 13:30:00+00:00,32.52,3.43400002,4.26399994,5.06400013,511766992
284,2004-08-16 13:30:00+00:00,34.00999,3.45000005,4.26300001,5.05200005,474367376
285,2004-08-23 13:30:00+00:00,34.56,3.40499997,4.27899981,5.07700014,375298544
286,2004-08-30 13:30:00+00:00,34.141009999999994,3.36999989,4.23099995,4.97800016,414080832
287,2004-09-07 13:30:00+00:00,35.12,3.50600004,4.23999977,5.01000023,411545824
288,2004-09-13 13:30:00+00:00,35.429990000000004,3.36100006,4.14099979,4.93300009,428106944
289,2004-09-20 13:30:00+00:00,34.799,3.26399994,4.05999994,4.86299992,502463200
290,2004-09-27 13:30:00+00:00,36.10001,3.26699996,3.99499989,4.76000023,462262688
291,2004-10-04 13:30:00+00:00,35.58,3.41599989,4.16599989,4.92700005,483926368
292,2004-10-11 13:30:00+00:00,35.63,3.39899993,4.13800001,4.90500021,511084048
293,2004-10-18 13:30:00+00:00,35.8,3.2960000000000003,4.04500008,4.83400011,585098576
294,2004-10-25 13:30:00+00:00,36.89999,3.19700003,3.97600007,4.72200012,565777744
295,2004-11-01 14:30:00+00:00,37.96001,3.28299999,4.07200003,4.78900003,552584672
296,2004-11-08 14:30:00+00:00,38.66,3.4749999,4.22200012,4.89900017,449426192
297,2004-11-15 14:30:00+00:00,38.679990000000004,3.50500011,4.19199991,4.89499998,519177680
298,2004-11-22 14:30:00+00:00,39.21001,3.54999995,4.18400002,4.82700014,277293824
299,2004-11-29 14:30:00+00:00,40.13,3.62299991,4.32200003,4.87799978,521508384
300,2004-12-06 14:30:00+00:00,39.929990000000004,3.57399988,4.22800016,4.88999987,509286240
301,2004-12-13 14:30:00+00:00,39.47501,3.50900006,4.15299988,4.78200006,450068048
302,2004-12-20 14:30:00+00:00,39.758,3.56399989,4.18499994,4.79699993,311284384
303,2004-12-27 14:30:00+00:00,39.91499,3.56900001,4.30200005,4.83599997,265881008
304,2005-01-03 14:30:00+00:00,38.55,3.62700009,4.21600008,4.81400013,593376128
305,2005-01-10 14:30:00+00:00,38.429990000000004,3.73399997,4.27299976,4.82299995,519641376
306,2005-01-18 14:30:00+00:00,37.05,3.71700001,4.19299984,4.68300009,433949008
307,2005-01-24 14:30:00+00:00,36.92,3.65400004,4.12400007,4.60699987,586925312
308,2005-01-31 14:30:00+00:00,37.75,3.70000005,4.13199997,4.58799982,458404480
309,2005-02-07 14:30:00+00:00,37.7,3.67000008,4.05600023,4.42399979,457486176
310,2005-02-14 14:30:00+00:00,37.35001,3.7039999999999997,4.07700014,4.45100021,454595776
311,2005-02-22 14:30:00+00:00,37.62,3.87400007,4.29099989,4.68599987,398040752
312,2005-02-28 14:30:00+00:00,37.52,4.01499987,4.38100004,4.72100019,460048752
313,2005-03-07 14:30:00+00:00,37.17,3.98099995,4.31400013,4.62200022,483508752
314,2005-03-14 14:30:00+00:00,36.50999,4.1960001,4.51399994,4.78100014,536263744
315,2005-03-21 14:30:00+00:00,36.27,4.17500019,4.52699995,4.82800007,382208624
316,2005-03-28 14:30:00+00:00,36.2,4.33699989,4.64400005,4.89099979,524931552
317,2005-04-04 13:30:00+00:00,36.64,4.12599993,4.46199989,4.73699999,429954800
318,2005-04-11 13:30:00+00:00,34.74001,4.11399984,4.4380002,4.72700024,654634112
319,2005-04-18 13:30:00+00:00,35.09,3.91599989,4.27400017,4.60900021,588833136
320,2005-04-25 13:30:00+00:00,34.98,3.9460001000000005,4.25500011,4.55600023,536128864
321,2005-05-02 13:30:00+00:00,35.85699,3.87899995,4.19399977,4.51399994,420238448
322,2005-05-09 13:30:00+00:00,36.24001,3.99099994,4.28800011,4.62900019,525922688
323,2005-05-16 13:30:00+00:00,37.66,3.83200002,4.13500023,4.5,459699632
324,2005-05-23 13:30:00+00:00,38.21001,3.81699991,4.0619998,4.382999900000001,404786128
325,2005-05-31 13:30:00+00:00,38.10001,3.73699999,3.98699999,4.32299995,359495440
326,2005-06-06 13:30:00+00:00,37.547,3.72099996,3.95600009,4.24599981,427398400
327,2005-06-13 13:30:00+00:00,37.87,3.86800003,4.09399986,4.37599993,428887792
328,2005-06-20 13:30:00+00:00,36.97,3.898,4.1170001,4.39400005,506152752
329,2005-06-27 13:30:00+00:00,36.72501,3.68700004,3.90700006,4.19700003,361106608
330,2005-07-05 13:30:00+00:00,37.77,3.89599991,4.11100006,4.36600018,380306192
331,2005-07-11 13:30:00+00:00,38.89,3.90100002,4.09899998,4.34299994,426057392
332,2005-07-18 13:30:00+00:00,39.42,4.025000100000001,4.22599983,4.46899986,429297056
333,2005-07-25 13:30:00+00:00,39.575,4.06699991,4.25,4.46500015,347234224
334,2005-08-01 13:30:00+00:00,39.48,4.15500021,4.31599998,4.51200008,344902176
335,2005-08-08 13:30:00+00:00,39.21001,4.28200006,4.42600012,4.60300016,413829392
336,2005-08-15 13:30:00+00:00,38.820009999999996,4.16699982,4.28700018,4.48099995,358517936
337,2005-08-22 13:30:00+00:00,38.4599,4.079,4.21099997,4.42999983,362059584
338,2005-08-29 13:30:00+00:00,38.77,4.079,4.17399979,4.36100006,384116960
339,2005-09-06 13:30:00+00:00,39.619,3.90899992,4.10099983,4.36800003,284534640
340,2005-09-12 13:30:00+00:00,39.39999,3.9849998999999996,4.17600012,4.44899988,368087744
341,2005-09-19 13:30:00+00:00,38.75,4.02699995,4.25299978,4.55100012,494669200
342,2005-09-26 13:30:00+00:00,39.46001,4.11499977,4.296,4.55900002,402533152
343,2005-10-03 13:30:00+00:00,38.34,4.24800014,4.38700008,4.62099981,526707136
344,2005-10-10 13:30:00+00:00,38.06,4.2329998,4.36199999,4.56699991,594989504
345,2005-10-17 13:30:00+00:00,38.55,4.36100006,4.49900007,4.71600008,527982432
346,2005-10-24 13:30:00+00:00,38.32201,4.31799984,4.44799995,4.66300011,519587744
347,2005-10-31 14:30:00+00:00,40.08,4.44500017,4.55700016,4.75199986,528618752
348,2005-11-07 14:30:00+00:00,40.71001,4.546,4.62799978,4.82200003,417555072
349,2005-11-14 14:30:00+00:00,41.45,4.54899979,4.61000013,4.80100012,402376832
350,2005-11-21 14:30:00+00:00,41.89,4.40600014,4.46299982,4.66900015,245581840
351,2005-11-28 14:30:00+00:00,42.10699,4.32499981,4.40999985,4.62300014,405048560
352,2005-12-05 14:30:00+00:00,41.715,4.49800014,4.57499981,4.76499987,395555248
353,2005-12-12 14:30:00+00:00,41.58,4.46500015,4.55299997,4.74800014,331484384
354,2005-12-19 14:30:00+00:00,41.403,4.36600018,4.4460001,4.6420002,311764960
355,2005-12-27 14:30:00+00:00,40.412,4.29400015,4.34399986,4.50600004,213345584
356,2006-01-03 14:30:00+00:00,42.679990000000004,4.3119998,4.36999989,4.55700016,390015328
357,2006-01-09 14:30:00+00:00,42.98,4.30900002,4.37300014,4.55499983,412988496
358,2006-01-17 14:30:00+00:00,41.25,4.28000021,4.32999992,4.51800013,500312432
359,2006-01-23 14:30:00+00:00,42.11,4.29400015,4.36100006,4.53499985,512846192
360,2006-01-30 14:30:00+00:00,40.92,4.46299982,4.53100014,4.70800018,459762784
361,2006-02-06 14:30:00+00:00,40.96001,4.51300001,4.54699993,4.62599993,416273168
362,2006-02-13 14:30:00+00:00,41.21001,4.57499981,4.58500004,4.56099987,443332128
363,2006-02-21 14:30:00+00:00,41.25999,4.59100008,4.5710001,4.53299999,299722224
364,2006-02-27 14:30:00+00:00,41.45,4.65600014,4.59399986,4.546,445538368
365,2006-03-06 14:30:00+00:00,40.56,4.757999900000001,4.75400019,4.73000002,533232960
366,2006-03-13 14:30:00+00:00,41.45,4.77099991,4.77299976,4.76300001,451396864
367,2006-03-20 14:30:00+00:00,41.3,4.61499977,4.66200018,4.70100021,466159552
368,2006-03-27 14:30:00+00:00,41.929990000000004,4.69500017,4.70900011,4.73000002,472707360
369,2006-04-03 13:30:00+00:00,42.320009999999996,4.83500004,4.86600018,4.89599991,470757760
370,2006-04-10 13:30:00+00:00,42.10001,4.88700008,4.95699978,5.02600002,272843760
371,2006-04-17 13:30:00+00:00,42.0,4.92399979,5.00899982,5.08099985,519146832
372,2006-04-24 13:30:00+00:00,41.85001,4.89900017,4.98500013,5.0619998,501789248
373,2006-05-01 13:30:00+00:00,42.16,5.00899982,5.14300013,5.23099995,422197552
374,2006-05-08 13:30:00+00:00,40.19,5.00400019,5.11899996,5.18900013,481082608
375,2006-05-15 13:30:00+00:00,39.35001,5.04400015,5.16099977,5.2750001,802270496
376,2006-05-22 13:30:00+00:00,39.49001,4.9460001,5.04400015,5.13800001,762113440
377,2006-05-30 13:30:00+00:00,39.641999999999996,4.9749999,5.07800007,5.18499994,491018944
378,2006-06-05 13:30:00+00:00,38.14999,4.95499992,5.02600002,5.10900021,786180688
379,2006-06-12 13:30:00+00:00,38.34,4.95200014,4.9829998,5.02699995,875408016
380,2006-06-19 13:30:00+00:00,38.14999,5.117000099999999,5.13899994,5.17600012,593801392
381,2006-06-26 13:30:00+00:00,38.77,5.21600008,5.23899984,5.27400017,550115792
382,2006-07-03 13:30:00+00:00,37.69,5.19000006,5.15500021,5.26999998,294036864
383,2006-07-10 13:30:00+00:00,35.94,5.09899998,5.13000011,5.17299986,745900320
384,2006-07-17 13:30:00+00:00,35.7,5.03599977,5.06899977,5.10300016,806373936
385,2006-07-24 13:30:00+00:00,37.11,4.99800014,5.04899979,5.1079998,539641760
386,2006-07-31 13:30:00+00:00,36.95,4.90700006,4.98799992,5.07000017,486869696
387,2006-08-07 13:30:00+00:00,36.53,4.86899996,4.92299986,5.00500011,529012384
388,2006-08-14 13:30:00+00:00,38.78999,4.94799995,4.99900007,5.11800003,606013312
389,2006-08-21 13:30:00+00:00,38.320009999999996,4.7670002,4.81699991,4.96099997,417462624
390,2006-08-28 13:30:00+00:00,39.08,4.76999998,4.79300022,4.93100023,391275856
391,2006-09-05 13:30:00+00:00,38.72,4.7329998,4.78499985,4.93300009,396018432
392,2006-09-11 13:30:00+00:00,40.11,4.73899984,4.80499983,4.9460001,618544368
393,2006-09-18 13:30:00+00:00,39.87,4.7750001,4.80999994,4.92700005,621475136
394,2006-09-25 13:30:00+00:00,40.64999,4.51000023,4.54400015,4.69000006,534712688
395,2006-10-02 13:30:00+00:00,41.41,4.55299997,4.61199999,4.75199986,540523488
396,2006-10-09 13:30:00+00:00,42.429990000000004,4.71700001,4.704,4.88700008,473367360
397,2006-10-16 13:30:00+00:00,42.0,4.74499989,4.78200006,4.91400003,543008736
398,2006-10-23 13:30:00+00:00,42.21001,4.80900002,4.83400011,4.96099997,616254624
399,2006-10-30 14:30:00+00:00,41.929990000000004,4.64300013,4.67500019,4.78800011,608267248
400,2006-11-06 14:30:00+00:00,43.03,4.67600012,4.69700003,4.78299999,628372992
401,2006-11-13 14:30:00+00:00,44.3,4.60300016,4.61299992,4.70900011,536419056
402,2006-11-20 14:30:00+00:00,44.64999,4.60099983,4.60099983,4.68100023,296994960
403,2006-11-27 14:30:00+00:00,43.66,4.53499985,4.53399992,4.61399984,686882752
404,2006-12-04 14:30:00+00:00,43.89999,4.38199997,4.4289999,4.54500008,511677072
405,2006-12-11 14:30:00+00:00,44.429990000000004,4.4910000000000005,4.516,4.62799978,472269248
406,2006-12-18 14:30:00+00:00,42.929990000000004,4.555,4.581,4.70900011,521269120
407,2006-12-26 14:30:00+00:00,43.16,4.574,4.599,4.7329998,249173744
408,2007-01-03 14:30:00+00:00,43.85001,4.651,4.654,4.78900003,443603824
409,2007-01-08 14:30:00+00:00,45.31,4.651,4.65,4.73699999,627459552
410,2007-01-16 14:30:00+00:00,44.17,4.734,4.745,4.84499979,540086992
411,2007-01-22 14:30:00+00:00,43.570009999999996,4.762,4.757,4.85200024,679029248
412,2007-01-29 14:30:00+00:00,44.16,4.878,4.888,4.99700022,577661456
413,2007-02-05 14:30:00+00:00,43.84,4.793,4.802,4.91099977,558454704
414,2007-02-12 14:30:00+00:00,44.71001,4.796,4.8,4.88999987,536874640
415,2007-02-20 14:30:00+00:00,45.25999,4.66,4.6739999999999995,4.78000021,419355376
416,2007-02-26 14:30:00+00:00,42.48,4.607,4.621,4.73099995,1052982800
417,2007-03-05 14:30:00+00:00,42.929990000000004,4.433,4.493,4.63399982,693886768
418,2007-03-12 13:30:00+00:00,42.83,4.5,4.552,4.70800018,664949872
419,2007-03-19 13:30:00+00:00,44.12,4.4910000000000005,4.559,4.71500015,534327184
420,2007-03-26 13:30:00+00:00,43.53,4.489,4.601,4.80600023,580284064
421,2007-04-02 13:30:00+00:00,44.56,4.5280000000000005,4.638,4.83799982,334883392
422,2007-04-09 13:30:00+00:00,44.64999,4.66,4.742,4.92000008,465732704
423,2007-04-16 13:30:00+00:00,45.39999,4.66,4.731,4.8920002,454789808
424,2007-04-23 13:30:00+00:00,46.570009999999996,4.533,4.638,4.82399988,496422016
425,2007-04-30 13:30:00+00:00,46.63,4.513999999999999,4.622,4.81599998,512090688
426,2007-05-07 13:30:00+00:00,46.78,4.546,4.624,4.78499985,532318880
427,2007-05-14 13:30:00+00:00,46.71001,4.6080000000000005,4.692,4.86899996,658318512
428,2007-05-21 13:30:00+00:00,46.45,4.709,4.7780000000000005,4.94000006,623846432
429,2007-05-29 13:30:00+00:00,47.44,4.833,4.88,5.01999998,469962496
430,2007-06-04 13:30:00+00:00,46.91,4.907,4.927,5.02099991,798796336
431,2007-06-11 13:30:00+00:00,47.73,5.07,5.151,5.26599979,601100304
432,2007-06-18 13:30:00+00:00,47.28999,5.056,5.131,5.25299978,643904944
433,2007-06-25 13:30:00+00:00,47.60001,4.961,5.08,5.204,647347008
434,2007-07-02 13:30:00+00:00,48.86,4.887,4.985,5.08799982,255081744
435,2007-07-09 13:30:00+00:00,49.89999,5.043,5.138,5.22900009,452615936
436,2007-07-16 13:30:00+00:00,50.05,4.9430000000000005,5.0360000000000005,5.12699986,627430560
437,2007-07-23 13:30:00+00:00,47.99001,4.84,4.948,5.05700016,1018702192
438,2007-07-30 13:30:00+00:00,47.42,4.632,4.8,4.95900011,1070724336
439,2007-08-06 13:30:00+00:00,47.28,4.561,4.7330000000000005,4.90799999,1012486800
440,2007-08-13 13:30:00+00:00,46.31,4.538,4.78,5.00400019,1070884224
441,2007-08-20 13:30:00+00:00,48.2,4.292,4.626,4.96700001,581921744
442,2007-08-27 13:30:00+00:00,48.87,4.336,4.569,4.86000013,524940496
443,2007-09-04 13:30:00+00:00,48.23,4.253,4.543,4.83500004,464060176
444,2007-09-10 13:30:00+00:00,49.22,3.983,4.3180000000000005,4.63800001,502729504
445,2007-09-17 13:30:00+00:00,50.36,4.2,4.458,4.70200014,559941136
446,2007-09-24 13:30:00+00:00,51.41,4.302,4.626,4.89099979,453173424
447,2007-10-01 13:30:00+00:00,52.81799,4.231,4.543,4.78499985,477932000
448,2007-10-08 13:30:00+00:00,53.53,4.329,4.636,4.86199999,620367632
449,2007-10-15 13:30:00+00:00,52.44,4.4,4.675,4.91499996,888690064
450,2007-10-22 13:30:00+00:00,53.929990000000004,4.085,4.407,4.68100023,1047816528
451,2007-10-29 13:30:00+00:00,54.42,4.0489999999999995,4.379,4.66699982,764694192
452,2007-11-05 14:30:00+00:00,50.0,3.9619999999999997,4.334,4.62900019,1170148400
453,2007-11-12 14:30:00+00:00,50.28,3.741,4.208,4.61999989,1316251472
454,2007-11-19 14:30:00+00:00,49.84,3.5410000000000004,4.0680000000000005,4.48099995,757505440
455,2007-11-26 14:30:00+00:00,51.31,3.201,3.8369999999999997,4.29300022,919245632
456,2007-12-03 14:30:00+00:00,52.33,3.24,3.846,4.32299995,548005136
457,2007-12-10 14:30:00+00:00,50.97,3.553,4.157,4.62099981,687787680
458,2007-12-17 14:30:00+00:00,51.85001,3.522,4.145,4.58099985,701556384
459,2007-12-24 14:30:00+00:00,51.86,3.636,4.207,4.67600012,226330720
460,2007-12-31 14:30:00+00:00,48.39999,3.44,4.027,4.35400009,549246304
461,2008-01-07 14:30:00+00:00,47.05,3.153,3.833,4.34000015,1212543072
462,2008-01-14 14:30:00+00:00,45.35001,3.0469999999999997,3.77,4.35699987,1203084656
463,2008-01-22 14:30:00+00:00,43.99001,2.844,3.6319999999999997,4.18100023,1165437008
464,2008-01-28 14:30:00+00:00,45.5899,2.76,3.557,4.28100014,931799808
465,2008-02-04 14:30:00+00:00,43.60001,2.737,3.596,4.37599993,927608512
466,2008-02-11 14:30:00+00:00,43.820009999999996,2.6919999999999997,3.6430000000000002,4.40199995,684582624
467,2008-02-19 14:30:00+00:00,43.679990000000004,2.7510000000000003,3.7569999999999997,4.66499996,533067952
468,2008-02-25 14:30:00+00:00,42.95,2.832,3.798,4.66599989,713423808
469,2008-03-03 14:30:00+00:00,42.070009999999996,2.467,3.505,4.43599987,896005632
470,2008-03-10 13:30:00+00:00,42.25,2.423,3.5260000000000002,4.46600008,1017999824
471,2008-03-17 13:30:00+00:00,43.09,2.209,3.3080000000000003,4.27099991,753985120
472,2008-03-24 13:30:00+00:00,43.49001,2.6189999999999998,3.556,4.36600018,623826512
473,2008-03-31 13:30:00+00:00,45.86,2.512,3.445,4.31699991,662935424
474,2008-04-07 13:30:00+00:00,44.28,2.62,3.468,4.35599995,560369440
475,2008-04-14 13:30:00+00:00,46.71001,2.5639999999999996,3.467,4.3499999,605613936
476,2008-04-21 13:30:00+00:00,47.14999,2.8689999999999998,3.7,4.49399996,607718816
477,2008-04-28 13:30:00+00:00,48.77,3.1830000000000003,3.8819999999999997,4.56599998,563254064
478,2008-05-05 13:30:00+00:00,48.21001,3.185,3.859,4.60900021,580336064
479,2008-05-12 13:30:00+00:00,50.0099,2.96,3.7710000000000004,4.53900003,622494128
480,2008-05-19 13:30:00+00:00,48.2,3.109,3.845,4.579,745057152
481,2008-05-27 13:30:00+00:00,50.00999,3.142,3.846,4.64300013,466513440
482,2008-06-02 13:30:00+00:00,49.03,3.435,4.077,4.67500019,802796688
483,2008-06-09 13:30:00+00:00,48.37,3.1660000000000004,3.8939999999999997,4.64300013,899835120
484,2008-06-16 13:30:00+00:00,47.42,3.721,4.257,4.79699993,847435056
485,2008-06-23 13:30:00+00:00,45.64999,3.625,4.192,4.704,860245552
486,2008-06-30 13:30:00+00:00,44.63,3.32,3.9589999999999996,4.52299976,701267328
487,2008-07-07 13:30:00+00:00,44.56,3.2889999999999997,3.983,4.48899984,1060168944
488,2008-07-14 13:30:00+00:00,44.59,3.3089999999999997,3.989,4.46099997,1005544624
489,2008-07-21 13:30:00+00:00,45.27,3.42,4.0889999999999995,4.61800003,707068864
490,2008-07-28 13:30:00+00:00,44.88,3.31,3.9989999999999997,4.60900021,793107936
491,2008-08-04 13:30:00+00:00,47.320009999999996,3.2430000000000003,3.96,4.59100008,697424688
492,2008-08-11 13:30:00+00:00,48.16,3.2560000000000002,3.998,4.61000013,748737680
493,2008-08-18 13:30:00+00:00,47.49001,3.0610000000000004,3.8160000000000003,4.44099998,677730640
494,2008-08-25 13:30:00+00:00,46.12,3.135,3.87,4.39300013,589880864
495,2008-09-02 13:30:00+00:00,43.45,3.069,3.806,4.35900021,791427120
496,2008-09-08 13:30:00+00:00,43.429990000000004,3.111,3.7960000000000003,4.27600002,1061447872
497,2008-09-15 13:30:00+00:00,42.89999,2.807,3.583,4.02400017,1993770464
498,2008-09-22 13:30:00+00:00,41.08,3.0439999999999996,3.8089999999999997,4.421,841223440
499,2008-09-29 13:30:00+00:00,36.179990000000004,3.0660000000000003,3.8560000000000003,4.10500002,1141920064
500,2008-10-06 13:30:00+00:00,31.320009999999996,2.6430000000000002,3.612,3.97399998,2001336832
501,2008-10-13 13:30:00+00:00,32.3,2.762,3.878,4.28499985,1753253376
502,2008-10-20 13:30:00+00:00,29.509990000000002,2.827,3.945,4.28000021,1462805408
503,2008-10-27 13:30:00+00:00,32.89,2.5860000000000003,3.693,4.04699993,1387824592
504,2008-11-03 14:30:00+00:00,31.19,2.7030000000000003,3.918,4.32499981,892941376
505,2008-11-10 14:30:00+00:00,28.98,2.506,3.76,4.204,1068271616
506,2008-11-17 14:30:00+00:00,26.67,2.274,3.656,4.18400002,1325215776
507,2008-11-24 14:30:00+00:00,29.12,2.041,3.2030000000000003,3.77900004,634569136
508,2008-12-01 14:30:00+00:00,28.94,1.92,2.92,3.19799995,963356128
509,2008-12-08 14:30:00+00:00,29.679990000000004,1.7009999999999998,2.707,3.16100001,852763632
510,2008-12-15 14:30:00+00:00,29.86,1.524,2.576,2.96600008,701064752
511,2008-12-22 14:30:00+00:00,29.13,1.365,2.126,2.67400002,212377568
512,2008-12-29 14:30:00+00:00,31.03,1.52,2.138,2.63599992,327015088
513,2009-01-05 14:30:00+00:00,30.070009999999996,1.663,2.377,3.02800012,611792880
514,2009-01-12 14:30:00+00:00,29.42,1.51,2.395,3.00099993,794550624
515,2009-01-20 14:30:00+00:00,28.899990000000003,1.3769999999999998,2.209,2.98200011,655260384
516,2009-01-26 14:30:00+00:00,29.06,1.641,2.622,3.37899995,662321072
517,2009-02-02 14:30:00+00:00,31.37,1.882,2.853,3.48600006,805352704
518,2009-02-09 14:30:00+00:00,30.429990000000004,1.966,2.99,3.65100002,847028928
519,2009-02-17 14:30:00+00:00,28.87,1.88,2.813,3.47600007,685125488
520,2009-02-23 14:30:00+00:00,27.53,1.837,2.7910000000000004,3.51300001,986804064
521,2009-03-02 14:30:00+00:00,26.3,1.989,3.0189999999999997,3.60800004,929860000
522,2009-03-09 13:30:00+00:00,28.740009999999998,1.8869999999999998,2.8739999999999997,3.57399988,870664624
523,2009-03-16 13:30:00+00:00,29.179990000000004,1.875,2.8960000000000004,3.75999999,864532560
524,2009-03-23 13:30:00+00:00,30.820009999999996,1.6480000000000001,2.64,3.69099998,829661008
525,2009-03-30 13:30:00+00:00,32.35001,1.804,2.764,3.60100007,797962944
526,2009-04-06 13:30:00+00:00,32.94,1.861,2.895,3.72799993,565942256
527,2009-04-13 13:30:00+00:00,33.31,1.893,2.924,3.71799994,669190880
528,2009-04-20 13:30:00+00:00,33.69,1.9,2.9539999999999997,3.6960001000000005,756629872
529,2009-04-27 13:30:00+00:00,34.37,1.9169999999999998,3.0,3.83400011,615362928
530,2009-05-04 13:30:00+00:00,34.23,2.024,3.159,4.05900002,811787872
531,2009-05-11 13:30:00+00:00,33.37,2.133,3.287,4.17299986,727514144
532,2009-05-18 13:30:00+00:00,33.53999,1.975,3.1319999999999997,4.20200014,598066864
533,2009-05-26 13:30:00+00:00,35.38,2.147,3.37,4.49499989,496717120
534,2009-06-01 13:30:00+00:00,36.78,2.345,3.467,4.53800011,550624048
535,2009-06-08 13:30:00+00:00,36.64999,2.8539999999999996,3.838,4.63999987,589148672
536,2009-06-15 13:30:00+00:00,36.16,2.792,3.804,4.56400013,624441632
537,2009-06-22 13:30:00+00:00,36.37,2.806,3.7889999999999997,4.4380002,556147824
538,2009-06-29 13:30:00+00:00,35.60001,2.565,3.5269999999999997,4.28499985,390946192
539,2009-07-06 13:30:00+00:00,34.92,2.513,3.537,4.35900021,616515248
540,2009-07-13 13:30:00+00:00,37.56,2.229,3.3080000000000003,4.23999977,628390432
541,2009-07-20 13:30:00+00:00,39.05,2.5,3.655,4.51599979,611443632
542,2009-07-27 13:30:00+00:00,39.45,2.55,3.6660000000000004,4.62699986,519999136
543,2009-08-03 13:30:00+00:00,39.88,2.516,3.485,4.40500021,554956144
544,2009-08-10 13:30:00+00:00,39.63,2.827,3.8560000000000003,4.52199984,560912880
545,2009-08-17 13:30:00+00:00,40.28999,2.504,3.576,4.32600021,500574944
546,2009-08-24 13:30:00+00:00,40.44,2.557,3.572,4.26499987,535480640
547,2009-08-31 13:30:00+00:00,40.36,2.45,3.451,4.17999983,503780928
548,2009-09-08 13:30:00+00:00,41.52,2.3080000000000003,3.3510000000000004,4.31799984,363472752
549,2009-09-14 13:30:00+00:00,42.44,2.3,3.347,4.23000002,468666112
550,2009-09-21 13:30:00+00:00,41.7,2.456,3.4610000000000003,4.23699999,511146000
551,2009-09-28 13:30:00+00:00,40.88,2.352,3.324,4.02899981,649683424
552,2009-10-05 13:30:00+00:00,42.48,2.21,3.217,4.01300001,486147936
553,2009-10-12 13:30:00+00:00,42.78,2.355,3.3539999999999996,4.19000006,412798256
554,2009-10-19 13:30:00+00:00,43.13,2.365,3.415,4.20100021,486658672
555,2009-10-26 13:30:00+00:00,40.96001,2.445,3.488,4.37099981,620064128
556,2009-11-02 14:30:00+00:00,42.60001,2.315,3.386,4.27299976,577115264
557,2009-11-09 14:30:00+00:00,44.00999,2.302,3.503,4.39499998,439528880
558,2009-11-16 14:30:00+00:00,43.44,2.26,3.425,4.28499985,455370880
559,2009-11-23 14:30:00+00:00,43.50999,2.186,3.373,4.27799988,251151360
560,2009-11-30 14:30:00+00:00,44.12,2.033,3.205,4.19799995,445813552
561,2009-12-07 14:30:00+00:00,44.13,2.249,3.48,4.38600016,376279568
562,2009-12-14 14:30:00+00:00,44.46001,2.2569999999999997,3.554,4.48400021,357649568
563,2009-12-21 14:30:00+00:00,45.98,2.278,3.542,4.56500006,239652960
564,2009-12-28 14:30:00+00:00,45.75,2.5380000000000003,3.801,4.69399977,189483376
565,2010-01-04 14:30:00+00:00,46.55,2.6889999999999996,3.8369999999999997,4.64599991,387772080
566,2010-01-11 14:30:00+00:00,45.85001,2.6,3.838,4.72800016,498686816
567,2010-01-19 14:30:00+00:00,44.16,2.5,3.739,4.59100008,606106256
568,2010-01-25 14:30:00+00:00,42.78999,2.35,3.613,4.55100012,890233488
569,2010-02-01 14:30:00+00:00,42.98,2.329,3.588,4.56799984,706407184
570,2010-02-08 14:30:00+00:00,43.75999,2.239,3.565,4.49599981,494407936
571,2010-02-16 14:30:00+00:00,44.83,2.339,3.697,4.63500023,312722000
572,2010-02-22 14:30:00+00:00,44.75999,2.455,3.7760000000000002,4.72900009,418643888
573,2010-03-01 14:30:00+00:00,46.44,2.31,3.6210000000000004,4.55700016,342010464
574,2010-03-08 14:30:00+00:00,47.36,2.343,3.6830000000000003,4.68599987,390872560
575,2010-03-15 13:30:00+00:00,47.49001,2.416,3.7060000000000004,4.62900019,374910912
576,2010-03-22 13:30:00+00:00,48.0,2.463,3.701,4.5710001,348533312
577,2010-03-29 13:30:00+00:00,48.16,2.5980000000000003,3.8510000000000004,4.77199984,251124192
578,2010-04-05 13:30:00+00:00,49.03,2.667,3.943,4.83400011,310079840
579,2010-04-12 13:30:00+00:00,49.53,2.674,3.9160000000000004,4.69399977,372303328
580,2010-04-19 13:30:00+00:00,50.52,2.4730000000000003,3.7569999999999997,4.69500017,430226176
581,2010-04-26 13:30:00+00:00,49.2375,2.594,3.8169999999999997,4.66699982,505128080
582,2010-05-03 13:30:00+00:00,45.41,2.4219999999999997,3.661,4.53100014,906423440
583,2010-05-10 13:30:00+00:00,46.929990000000004,2.17,3.431,4.41200018,584931088
584,2010-05-17 13:30:00+00:00,44.84,2.162,3.4610000000000003,4.36399984,812962688
585,2010-05-24 13:30:00+00:00,45.60001,2.028,3.24,4.09000015,648503376
586,2010-06-01 13:30:00+00:00,45.0925,2.1,3.301,4.18200016,413270176
587,2010-06-07 13:30:00+00:00,45.5,1.993,3.2039999999999997,4.08199978,475743936
588,2010-06-14 13:30:00+00:00,47.0,2.03,3.236,4.18599987,375850320
589,2010-06-21 13:30:00+00:00,45.27,2.0180000000000002,3.2230000000000003,4.16499996,486133520
590,2010-06-28 13:30:00+00:00,42.47,1.905,3.109,4.00500011,546336128
591,2010-07-06 13:30:00+00:00,44.62,1.821,2.9819999999999998,3.89299989,287165792
592,2010-07-12 13:30:00+00:00,44.34,1.844,3.0589999999999997,4.05900002,436764320
593,2010-07-19 13:30:00+00:00,46.06,1.672,2.93,3.98300004,418385072
594,2010-07-26 13:30:00+00:00,45.81,1.736,2.9960000000000004,4.01999998,369146496
595,2010-08-02 13:30:00+00:00,46.75999,1.6019999999999999,2.91,4.06699991,283877456
596,2010-08-09 13:30:00+00:00,44.72,1.511,2.824,4.01900005,318238768
597,2010-08-16 13:30:00+00:00,44.92,1.46,2.679,3.71700001,324012512
598,2010-08-23 13:30:00+00:00,44.070009999999996,1.444,2.602,3.66499996,436874688
599,2010-08-30 13:30:00+00:00,46.00999,1.4980000000000002,2.65,3.58100009,310820848
600,2010-09-07 13:30:00+00:00,46.60001,1.463,2.679,3.66199994,246551136
601,2010-09-13 13:30:00+00:00,47.995,1.609,2.7969999999999997,3.84800005,366295536
602,2010-09-20 13:30:00+00:00,49.66,1.444,2.7430000000000003,3.87199998,419740864
603,2010-09-27 13:30:00+00:00,49.00999,1.347,2.609,3.72300005,430626400
604,2010-10-04 13:30:00+00:00,49.75,1.263,2.517,3.70900011,411408928
605,2010-10-11 13:30:00+00:00,51.49001,1.1079999999999999,2.383,3.81900001,379691984
606,2010-10-18 13:30:00+00:00,51.64,1.18,2.56,3.95499992,392400384
607,2010-10-25 13:30:00+00:00,52.179990000000004,1.149,2.5610000000000004,3.91599989,277283760
608,2010-11-01 13:30:00+00:00,53.67,1.173,2.603,4.00699997,397056832
609,2010-11-08 14:30:00+00:00,52.50999,1.092,2.5340000000000003,4.12599993,374474560
610,2010-11-15 14:30:00+00:00,52.47,1.371,2.793,4.41499996,361657088
611,2010-11-22 14:30:00+00:00,52.968,1.527,2.877,4.20800018,223915584
612,2010-11-29 14:30:00+00:00,53.87,1.55,2.888,4.14300013,384783648
613,2010-12-06 14:30:00+00:00,54.495,1.6230000000000002,3.011,4.23899984,242821488
614,2010-12-13 14:30:00+00:00,54.52,1.99,3.327,4.41400003,302374912
615,2010-12-20 14:30:00+00:00,54.742,1.963,3.3339999999999996,4.44399977,141369616
616,2010-12-27 14:30:00+00:00,54.46001,2.01,3.352,4.39799976,143692800
617,2011-01-03 14:30:00+00:00,55.87,2.0140000000000002,3.292,4.40100002,297034112
618,2011-01-10 14:30:00+00:00,57.0,1.9680000000000002,3.3310000000000004,4.46199989,255492288
619,2011-01-18 14:30:00+00:00,55.679990000000004,1.931,3.3,4.50899982,285601216
620,2011-01-24 14:30:00+00:00,55.73,2.017,3.4139999999999997,4.57399988,356971776
621,2011-01-31 14:30:00+00:00,57.375,1.925,3.3289999999999997,4.52600002,289173904
622,2011-02-07 14:30:00+00:00,58.44,2.267,3.638,4.73999977,264315552
623,2011-02-14 14:30:00+00:00,58.73,2.363,3.634,4.71099997,223994672
624,2011-02-22 14:30:00+00:00,57.64999,2.234,3.552,4.66800022,343250272
625,2011-02-28 14:30:00+00:00,57.9675,2.167,3.4160000000000004,4.50699997,331526352
626,2011-03-07 14:30:00+00:00,56.49001,2.19,3.492,4.61999989,430304048
627,2011-03-14 13:30:00+00:00,54.45,2.062,3.404,4.55600023,540725120
628,2011-03-21 13:30:00+00:00,56.84,1.939,3.2680000000000002,4.43900013,297672512
629,2011-03-28 13:30:00+00:00,57.46001,2.1919999999999997,3.4739999999999998,4.52699995,248929312
630,2011-04-04 13:30:00+00:00,56.95,2.25,3.457,4.492000099999999,257063984
631,2011-04-11 13:30:00+00:00,56.64999,2.3409999999999997,3.6060000000000003,4.67000008,265148224
632,2011-04-18 13:30:00+00:00,58.34,2.123,3.415,4.46700001,218746032
633,2011-04-25 13:30:00+00:00,59.08,2.123,3.365,4.4749999,224204432
634,2011-05-02 13:30:00+00:00,58.47,1.982,3.301,4.40500021,284057872
635,2011-05-09 13:30:00+00:00,58.41,1.8880000000000001,3.173,4.3039999,269626272
636,2011-05-16 13:30:00+00:00,57.765,1.82,3.1710000000000003,4.30800009,258394816
637,2011-05-23 13:30:00+00:00,57.429990000000004,1.784,3.136,4.28999996,195057776
638,2011-05-31 13:30:00+00:00,56.35001,1.706,3.063,4.23600006,207352128
639,2011-06-06 13:30:00+00:00,54.64,1.6030000000000002,2.991,4.23400021,241961024
640,2011-06-13 13:30:00+00:00,53.78999,1.561,2.971,4.18599987,274002688
641,2011-06-20 13:30:00+00:00,54.38,1.5330000000000001,2.9530000000000003,4.20900011,267170304
642,2011-06-27 13:30:00+00:00,57.91,1.383,2.867,4.18499994,266102400
643,2011-07-05 13:30:00+00:00,59.03,1.775,3.19,4.40999985,216744624
644,2011-07-11 13:30:00+00:00,57.85001,1.556,3.012,4.29099989,385517440
645,2011-07-18 13:30:00+00:00,59.60001,1.446,2.909,4.25299978,304269776
646,2011-07-25 13:30:00+00:00,58.0,1.5119999999999998,2.99,4.30200005,317696640
647,2011-08-01 13:30:00+00:00,53.83,1.391,2.818,4.13999987,626826256
648,2011-08-08 13:30:00+00:00,53.570009999999996,1.247,2.575,3.88199997,838736736
649,2011-08-15 13:30:00+00:00,50.03,0.963,2.251,3.71799994,473880864
650,2011-08-22 13:30:00+00:00,53.13,0.9,2.052,3.36999989,418190560
651,2011-08-29 13:30:00+00:00,53.28,0.943,2.193,3.54699993,283846288
652,2011-09-06 13:30:00+00:00,53.179990000000004,0.865,1.986,3.25,227030560
653,2011-09-12 13:30:00+00:00,56.59,0.807,1.915,3.2420001,391188304
654,2011-09-19 13:30:00+00:00,54.14999,0.914,2.051,3.31800008,457376880
655,2011-09-26 13:30:00+00:00,52.49001,0.877,1.854,2.91100001,476024560
656,2011-10-03 13:30:00+00:00,54.070009999999996,0.963,1.921,2.9210000000000003,489449360
657,2011-10-10 13:30:00+00:00,58.179990000000004,1.175,2.1919999999999997,3.08699989,329392800
658,2011-10-17 13:30:00+00:00,57.3,1.125,2.26,3.23200011,365068848
659,2011-10-24 13:30:00+00:00,58.94,1.052,2.194,3.24099994,372347680
660,2011-10-31 13:30:00+00:00,57.8,1.131,2.309,3.36599994,366153616
661,2011-11-07 14:30:00+00:00,57.85001,0.899,2.075,3.13400006,318527568
662,2011-11-14 14:30:00+00:00,55.39999,0.9690000000000001,2.136,3.1789999,327287824
663,2011-11-21 14:30:00+00:00,52.88,0.924,2.012,2.98600006,178144720
664,2011-11-28 14:30:00+00:00,56.62,0.968,1.9669999999999999,2.99799991,247985600
665,2011-12-05 14:30:00+00:00,57.02,0.9179999999999999,2.037,3.05900002,231197936
666,2011-12-12 14:30:00+00:00,54.86,0.894,2.066,3.10800004,307363600
667,2011-12-19 14:30:00+00:00,56.08,0.802,1.8459999999999999,2.86500001,273973104
668,2011-12-27 14:30:00+00:00,55.83,0.983,2.028,3.06999993,109543120
669,2012-01-03 14:30:00+00:00,57.81,0.835,1.885,2.89100003,156501936
670,2012-01-09 14:30:00+00:00,58.179990000000004,0.857,1.963,3.01600003,174462656
671,2012-01-17 14:30:00+00:00,59.77,0.7909999999999999,1.86,2.90199995,179308352
672,2012-01-23 14:30:00+00:00,60.39999,0.893,2.032,3.08899999,224389632
673,2012-01-30 14:30:00+00:00,62.05,0.754,1.891,3.06500006,223221072
674,2012-02-06 14:30:00+00:00,62.47501,0.7759999999999999,1.9280000000000002,3.12299991,212597664
675,2012-02-13 14:30:00+00:00,63.429990000000004,0.8220000000000001,1.9880000000000002,3.1500001,353958832
676,2012-02-21 14:30:00+00:00,63.96001,0.885,2.024,3.17400002,176934864
677,2012-02-27 14:30:00+00:00,64.87,0.897,1.9809999999999999,3.10100007,247107072
678,2012-03-05 14:30:00+00:00,65.02,0.841,1.9769999999999999,3.11599994,229997232
679,2012-03-12 13:30:00+00:00,66.52,0.899,2.031,3.19000006,272726864
680,2012-03-19 13:30:00+00:00,66.939,1.117,2.2969999999999997,3.41499996,250412896
681,2012-03-26 13:30:00+00:00,67.55,1.099,2.249,3.31800008,216010784
682,2012-04-02 13:30:00+00:00,67.72,1.04,2.213,3.36299992,182597632
683,2012-04-09 13:30:00+00:00,66.19,0.9,2.061,3.25,281747056
684,2012-04-16 13:30:00+00:00,65.67999,0.851,1.9880000000000002,3.13400006,288502752
685,2012-04-23 13:30:00+00:00,67.24001,0.8490000000000001,1.965,3.12400007,265514304
686,2012-04-30 13:30:00+00:00,64.7,0.83,1.942,3.11800003,272591856
687,2012-05-07 13:30:00+00:00,64.17999,0.76,1.845,3.04699993,305197216
688,2012-05-14 13:30:00+00:00,60.81,0.75,1.844,3.00600004,307844192
689,2012-05-21 13:30:00+00:00,62.070009999999996,0.746,1.729,2.81599998,296589520
690,2012-05-29 13:30:00+00:00,60.409,0.765,1.755,2.8599999,227344016
691,2012-06-04 13:30:00+00:00,62.87,0.614,1.45,2.52399993,258969264
692,2012-06-11 13:30:00+00:00,62.99001,0.763,1.716,2.83200002,257359040
693,2012-06-18 13:30:00+00:00,63.35001,0.705,1.641,2.75500011,192063008
694,2012-06-25 13:30:00+00:00,64.16,0.75,1.666,2.75399995,194012032
695,2012-07-02 13:30:00+00:00,64.12,0.726,1.652,2.75900006,127037422
696,2012-07-09 13:30:00+00:00,63.38,0.6409999999999999,1.547,2.66199994,216473904
697,2012-07-16 13:30:00+00:00,64.235,0.628,1.4909999999999999,2.57800007,208180000
698,2012-07-23 13:30:00+00:00,64.87,0.58,1.4609999999999999,2.53800011,236752448
699,2012-07-30 13:30:00+00:00,65.60001,0.6559999999999999,1.5490000000000002,2.62800002,186003840
700,2012-08-06 13:30:00+00:00,66.86,0.679,1.578,2.65499997,113522592
701,2012-08-13 13:30:00+00:00,68.32001,0.6970000000000001,1.65,2.73900008,131510448
702,2012-08-20 13:30:00+00:00,68.28999,0.802,1.824,2.95000005,180057488
703,2012-08-27 13:30:00+00:00,68.16,0.713,1.693,2.80599999,141242560
704,2012-09-04 13:30:00+00:00,69.42999,0.595,1.554,2.69499993,134216608
705,2012-09-10 13:30:00+00:00,70.17999,0.633,1.659,2.82200003,181818048
706,2012-09-17 13:30:00+00:00,70.14999,0.726,1.883,3.09200001,161657312
707,2012-09-24 13:30:00+00:00,68.57001,0.6729999999999999,1.756,2.94000006,161871600
708,2012-10-01 13:30:00+00:00,68.98,0.617,1.624,2.81399989,160541808
709,2012-10-08 13:30:00+00:00,66.67999,0.6409999999999999,1.709,2.93099999,199390640
710,2012-10-15 13:30:00+00:00,65.67999,0.66,1.665,2.83599997,226688608
711,2012-10-22 13:30:00+00:00,65.35001,0.753,1.766,2.93499994,238003376
712,2012-10-29 13:30:00+00:00,65.17,0.764,1.75,2.89100003,109552400
713,2012-11-05 14:30:00+00:00,63.429990000000004,0.723,1.7209999999999999,2.91199994,238585328
714,2012-11-12 14:30:00+00:00,62.3,0.649,1.6219999999999999,2.74300003,284598640
715,2012-11-19 14:30:00+00:00,64.89999,0.612,1.579,2.75,143401936
716,2012-11-26 14:30:00+00:00,65.8,0.695,1.694,2.83599997,164193088
717,2012-12-03 14:30:00+00:00,64.92999,0.619,1.618,2.81100011,209599536
718,2012-12-10 14:30:00+00:00,64.69,0.627,1.632,2.81200004,204985936
719,2012-12-17 14:30:00+00:00,65.2,0.693,1.705,2.88899994,224630096
720,2012-12-24 14:30:00+00:00,63.78,0.7709999999999999,1.7690000000000001,2.9460001,119204262
721,2012-12-31 14:30:00+00:00,66.63,0.713,1.777,2.9519999,209588736
722,2013-01-07 14:30:00+00:00,67.25999,0.809,1.8980000000000001,3.10100007,139814016
723,2013-01-14 14:30:00+00:00,67.07001,0.779,1.8730000000000002,3.04500008,166303376
724,2013-01-22 14:30:00+00:00,67.0,0.782,1.868,3.05200005,145952512
725,2013-01-28 14:30:00+00:00,67.66,0.856,1.955,3.14400005,190928432
726,2013-02-04 14:30:00+00:00,67.99001,0.888,2.023,3.23399997,213065744
727,2013-02-11 14:30:00+00:00,67.75,0.836,1.959,3.16300011,113025264
728,2013-02-19 14:30:00+00:00,67.13901,0.875,2.012,3.18400002,129458592
729,2013-02-25 14:30:00+00:00,67.38,0.83,1.965,3.16799998,179530560
730,2013-03-04 14:30:00+00:00,68.77,0.745,1.8459999999999999,3.04900002,131978848
731,2013-03-11 13:30:00+00:00,68.50999,0.889,2.0469999999999997,3.25099993,147351984
732,2013-03-18 13:30:00+00:00,68.59,0.779,1.916,3.13100004,156223616
733,2013-03-25 13:30:00+00:00,68.97,0.81,1.94,3.16899991,90853744
734,2013-04-01 13:30:00+00:00,67.86099,0.7879999999999999,1.8780000000000001,3.1400001,180582448
735,2013-04-08 13:30:00+00:00,69.94,0.6809999999999999,1.703,2.87700009,174130736
736,2013-04-15 13:30:00+00:00,68.09,0.691,1.722,2.91499996,236548144
737,2013-04-22 13:30:00+00:00,69.57001,0.708,1.712,2.8900001,182511872
738,2013-04-29 13:30:00+00:00,72.12,0.687,1.6680000000000001,2.86199999,156155584
739,2013-05-06 13:30:00+00:00,73.05,0.732,1.746,2.95499992,119348384
740,2013-05-13 13:30:00+00:00,74.3,0.846,1.943,3.14199996,151332432
741,2013-05-20 13:30:00+00:00,73.41,0.83,1.949,3.16899991,185544304
742,2013-05-28 13:30:00+00:00,73.25,0.9079999999999999,2.031,3.19099998,129906544
743,2013-06-03 13:30:00+00:00,73.39,1.048,2.162,3.30599999,226018400
744,2013-06-10 13:30:00+00:00,72.28,1.102,2.181,3.34100008,163683808
745,2013-06-17 13:30:00+00:00,70.42999,1.044,2.147,3.30380011,212923776
746,2013-06-24 13:30:00+00:00,71.27,1.43,2.539,3.59489989,145983744
747,2013-07-01 13:30:00+00:00,72.58,1.401,2.496,3.50699997,95664288
748,2013-07-08 13:30:00+00:00,75.3,1.6230000000000002,2.75,3.70799994,151473344
749,2013-07-15 13:30:00+00:00,74.59,1.4240000000000002,2.591,3.63499999,150182416
750,2013-07-22 13:30:00+00:00,75.37,1.295,2.484,3.56500006,114364304
751,2013-07-29 13:30:00+00:00,76.97,1.365,2.5639999999999996,3.62100005,105067584
752,2013-08-05 13:30:00+00:00,76.49001,1.364,2.608,3.68600011,97988237
753,2013-08-12 13:30:00+00:00,75.485,1.359,2.5839999999999996,3.63619995,137585280
754,2013-08-19 13:30:00+00:00,76.67,1.579,2.845,3.86380005,117101392
755,2013-08-26 13:30:00+00:00,75.47,1.6280000000000001,2.827,3.80410004,141601024
756,2013-09-03 13:30:00+00:00,76.92999,1.703,2.843,3.74090004,99924192
757,2013-09-09 13:30:00+00:00,78.06,1.7719999999999998,2.946,3.86669993,116184976
758,2013-09-16 13:30:00+00:00,78.985,1.571,2.807,3.83850002,137571200
759,2013-09-23 13:30:00+00:00,79.07001,1.48,2.733,3.76399994,122514672
760,2013-09-30 13:30:00+00:00,79.39999,1.364,2.5989999999999998,3.68549991,152517824
761,2013-10-07 13:30:00+00:00,79.23,1.395,2.637,3.71799994,201698912
762,2013-10-14 13:30:00+00:00,82.14999,1.462,2.745,3.7953998999999996,188713504
763,2013-10-21 13:30:00+00:00,82.89999,1.344,2.595,3.65420008,172130512
764,2013-10-28 13:30:00+00:00,82.81,1.2830000000000001,2.513,3.6006998999999995,161214979
765,2013-11-04 14:30:00+00:00,82.54,1.354,2.605,3.69429994,154049776
766,2013-11-11 14:30:00+00:00,83.96,1.453,2.77,3.86910009,127894276
767,2013-11-18 14:30:00+00:00,83.99,1.32,2.673,3.79559994,142888616
768,2013-11-25 14:30:00+00:00,85.73,1.335,2.722,3.83279991,86676235
769,2013-12-02 14:30:00+00:00,86.0,1.4180000000000001,2.804,3.81680012,177374327
770,2013-12-09 14:30:00+00:00,84.85,1.492,2.862,3.90289998,154134408
771,2013-12-16 14:30:00+00:00,86.5,1.538,2.8739999999999997,3.8749001000000005,204715444
772,2013-12-23 14:30:00+00:00,87.52,1.618,2.905,3.82660007,73107297
773,2013-12-30 14:30:00+00:00,86.64,1.7469999999999999,3.008,3.94029999,108799013
774,2014-01-06 14:30:00+00:00,87.3,1.732,2.995,3.93120003,146923412
775,2014-01-13 14:30:00+00:00,87.88,1.6280000000000001,2.862,3.80080009,197077467
776,2014-01-21 14:30:00+00:00,86.74,1.649,2.83,3.7506001,155270098
777,2014-01-27 14:30:00+00:00,86.27,1.545,2.713,3.63669991,272241132
778,2014-02-03 14:30:00+00:00,87.3,1.511,2.6660000000000004,3.6019001000000004,216192920
779,2014-02-10 14:30:00+00:00,89.81,1.474,2.687,3.67860007,176019432
780,2014-02-18 14:30:00+00:00,89.93,1.535,2.752,3.69860005,144444615
781,2014-02-24 14:30:00+00:00,90.34,1.5430000000000001,2.7430000000000003,3.69860005,179324039
782,2014-03-03 14:30:00+00:00,90.53,1.4609999999999999,2.612,3.5855998999999996,154642415
783,2014-03-10 13:30:00+00:00,88.67,1.646,2.795,3.72410011,160921179
784,2014-03-17 13:30:00+00:00,89.0,1.531,2.6460000000000004,3.59660006,195043659
785,2014-03-24 13:30:00+00:00,87.05,1.729,2.761,3.6085,265068643
786,2014-03-31 13:30:00+00:00,86.37,1.7590000000000001,2.728,3.5473001,268772052
787,2014-04-07 13:30:00+00:00,84.11,1.7009999999999998,2.725,3.58710003,348493692
788,2014-04-14 13:30:00+00:00,86.2,1.548,2.61,3.48850012,231822617
789,2014-04-21 13:30:00+00:00,86.19,1.7309999999999999,2.716,3.51259995,192185912
790,2014-04-28 13:30:00+00:00,87.49,1.735,2.677,3.44770002,211257234
791,2014-05-05 13:30:00+00:00,86.8,1.6869999999999998,2.613,3.36520004,210750468
792,2014-05-12 13:30:00+00:00,87.71,1.6380000000000001,2.6289999999999996,3.46510005,222234092
793,2014-05-19 13:30:00+00:00,89.88,1.5619999999999998,2.528,3.3434998999999994,155879010
794,2014-05-27 13:30:00+00:00,91.31,1.5319999999999998,2.535,3.40170002,123156303
795,2014-06-02 13:30:00+00:00,92.82,1.544,2.478,3.32690001,130591050
796,2014-06-09 13:30:00+00:00,92.32,1.643,2.591,3.4388001000000004,141647936
797,2014-06-16 13:30:00+00:00,92.77,1.69,2.61,3.41170001,144042253
798,2014-06-23 13:30:00+00:00,93.75,1.7069999999999999,2.634,3.43449998,131055957
799,2014-06-30 13:30:00+00:00,95.7,1.6480000000000001,2.545,3.36820006,85703493
800,2014-07-07 13:30:00+00:00,95.27,1.743,2.647,3.47029996,157627611
801,2014-07-14 13:30:00+00:00,96.12,1.651,2.524,3.34240007,160923504
802,2014-07-21 13:30:00+00:00,96.74,1.679,2.4930000000000003,3.2881,139083491
803,2014-07-28 13:30:00+00:00,94.67,1.68,2.4659999999999997,3.23930001,198730027
804,2014-08-04 13:30:00+00:00,94.9,1.6680000000000001,2.499,3.2823,191506568
805,2014-08-11 13:30:00+00:00,97.4,1.62,2.427,3.23029995,164650583
806,2014-08-18 13:30:00+00:00,99.05,1.571,2.3930000000000002,3.14840007,127776269
807,2014-08-25 13:30:00+00:00,99.78,1.671,2.392,3.16960001,101297182
808,2014-09-02 13:30:00+00:00,99.89,1.6280000000000001,2.343,3.09439993,99751856
809,2014-09-08 13:30:00+00:00,99.48,1.712,2.475,3.22219992,152318445
810,2014-09-15 13:30:00+00:00,99.98,1.819,2.612,3.35100007,185465230
811,2014-09-22 13:30:00+00:00,98.78,1.788,2.56,3.28649998,243358235
812,2014-09-29 13:30:00+00:00,98.17,1.778,2.499,3.20740008,229470977
813,2014-10-06 13:30:00+00:00,94.44,1.724,2.434,3.1249001,286200802
814,2014-10-13 13:30:00+00:00,93.0,1.537,2.286,2.9920001,424210635
815,2014-10-20 13:30:00+00:00,98.62,1.3969999999999998,2.1847,2.99819994,225552561
816,2014-10-27 13:30:00+00:00,101.4,1.537,2.286,3.06139994,194783488
817,2014-11-03 14:30:00+00:00,101.6,1.6293,2.3443,3.06620002,127676487
818,2014-11-10 14:30:00+00:00,103.22,1.5852,2.3604,3.0374999,105143458
819,2014-11-17 14:30:00+00:00,103.87,1.6269,2.3399,3.04310012,130381835
820,2014-11-24 14:30:00+00:00,106.01,1.5992,2.3064,3.01909995,71788504
821,2014-12-01 14:30:00+00:00,105.38,1.5085,2.213,2.89339995,151606134
822,2014-12-08 14:30:00+00:00,102.67,1.6807,2.3065,2.977,212516424
823,2014-12-15 14:30:00+00:00,104.32,1.5509,2.1026,2.74090004,299293246
824,2014-12-22 14:30:00+00:00,105.04,1.6604,2.16,2.76090002,92241761
825,2014-12-29 14:30:00+00:00,102.94,1.7643,2.2516,2.81730008,91359481
826,2015-01-05 14:30:00+00:00,102.62,1.5677,2.0337,2.67989993,221926793
827,2015-01-12 14:30:00+00:00,100.82,1.3831,1.9087,2.5316,228013928
828,2015-01-20 14:30:00+00:00,104.26,1.2944,1.8308,2.43589997,146762988
829,2015-01-26 14:30:00+00:00,101.1,1.3113,1.7994,2.35380006,198273122
830,2015-02-02 14:30:00+00:00,103.13,1.1853,1.6709,2.22289991,166222997
831,2015-02-09 14:30:00+00:00,106.91,1.5086,1.9793,2.5308001,118145347
832,2015-02-17 14:30:00+00:00,108.41,1.6093,2.1466,2.63779998,80989786
833,2015-02-23 14:30:00+00:00,108.4,1.5421,2.0609,2.71810007,107098380
834,2015-03-02 14:30:00+00:00,107.41,1.5005,1.9965,2.5934,111156394
835,2015-03-09 13:30:00+00:00,105.34,1.6559,2.1987,2.84500003,149425604
836,2015-03-16 13:30:00+00:00,108.53,1.5542,2.0752,2.69090009,148975525
837,2015-03-23 13:30:00+00:00,105.52,1.3980000000000001,1.9146,2.50440001,163019883
838,2015-03-30 13:30:00+00:00,105.12,1.4335,1.9597,2.53590012,113192990
839,2015-04-06 13:30:00+00:00,107.75,1.3035,1.9004,2.49099994,109976500
840,2015-04-13 13:30:00+00:00,106.01,1.3701,1.9316,2.58439994,125377031
841,2015-04-20 13:30:00+00:00,110.54,1.2899,1.8497,2.54570007,135116219
842,2015-04-27 13:30:00+00:00,109.05,1.3404,1.9278,2.61360002,178969300
843,2015-05-04 13:30:00+00:00,108.69,1.5006,2.1153,2.82570004,176396817
844,2015-05-11 13:30:00+00:00,109.58,1.4846,2.1424,2.8973,121924381
845,2015-05-18 13:30:00+00:00,110.47,1.4636,2.1477,2.95499992,83291498
846,2015-05-26 13:30:00+00:00,110.05,1.5203,2.1354,2.98569989,103746527
847,2015-06-01 13:30:00+00:00,109.3,1.4853,2.1232,2.91980004,118543348
848,2015-06-08 13:30:00+00:00,108.75,1.7121,2.3878,3.11529994,127196896
849,2015-06-15 13:30:00+00:00,109.89,1.7409999999999999,2.39,3.0697,141902361
850,2015-06-22 13:30:00+00:00,109.27,1.6588,2.3634,3.04870009,103703061
851,2015-06-29 13:30:00+00:00,107.95,1.7561,2.4763,3.09649992,127477226
852,2015-07-06 13:30:00+00:00,107.65,1.6315,2.3859,3.18980002,163030133
853,2015-07-13 13:30:00+00:00,113.59,1.6909,2.4538,3.17820001,142155189
854,2015-07-20 13:30:00+00:00,111.1,1.6596,2.3415,3.08030009,154125841
855,2015-07-27 13:30:00+00:00,111.95,1.6233,2.2624,2.9618001,143782187
856,2015-08-03 13:30:00+00:00,110.31,1.55,2.2,2.91630006,148256243
857,2015-08-10 13:30:00+00:00,110.51,1.6,2.2,2.82220006,139948461
858,2015-08-17 13:30:00+00:00,102.4,1.58,2.18,2.83500004,233231454
859,2015-08-24 13:30:00+00:00,105.62,1.36,1.97,2.73009992,449319276
860,2015-08-31 13:30:00+00:00,102.16,1.51,2.16,2.91030002,251179918
861,2015-09-08 13:30:00+00:00,105.57,1.5,2.16,2.90079999,161283072
862,2015-09-14 13:30:00+00:00,105.35,1.5095,2.1884,2.95630002,185591967
863,2015-09-21 13:30:00+00:00,102.92,1.463,2.1496,2.93409991,187891749
864,2015-09-28 13:30:00+00:00,104.01,1.4612,2.1463,2.95959997,233514442
865,2015-10-05 13:30:00+00:00,106.53,1.2889,2.0588,2.82430005,177399501
866,2015-10-12 13:30:00+00:00,108.12,1.3995,2.0633,2.89369988,139549143
867,2015-10-19 13:30:00+00:00,112.78,1.361,2.0369,2.88429999,173325814
868,2015-10-26 13:30:00+00:00,113.33,1.3963,2.0564,2.89849997,151642953
869,2015-11-02 14:30:00+00:00,114.79,1.5169,2.1354,2.91589999,126157332
870,2015-11-09 14:30:00+00:00,109.84,1.7464,2.3491,3.08940005,175713602
871,2015-11-16 14:30:00+00:00,114.48,1.6661,2.2785,3.0374999,146442263
872,2015-11-23 14:30:00+00:00,114.31,1.6789,2.2443,3.0223,70058513
873,2015-11-30 14:30:00+00:00,115.14,1.6577,2.2174,2.99760008,158868244
874,2015-12-07 14:30:00+00:00,110.79,1.6792,2.2376,3.01189995,191370790
875,2015-12-14 14:30:00+00:00,109.83,1.6546,2.2252,2.8763001,245885490
876,2015-12-21 14:30:00+00:00,112.59,1.6696,2.1974,2.92510009,90110289
877,2015-12-28 14:30:00+00:00,111.86,1.7197,2.2322,2.96429992,96316240
878,2016-01-04 14:30:00+00:00,104.01,1.7336,2.2428,3.03670001,262224228
879,2016-01-11 14:30:00+00:00,100.84,1.5939,2.1754,2.90860009,336518661
880,2016-01-19 14:30:00+00:00,103.77,1.4835,2.0587,2.82470012,247128730
881,2016-01-25 14:30:00+00:00,104.13,1.4434,2.0047,2.8283999,231436736
882,2016-02-01 14:30:00+00:00,98.12,1.3685,1.9512,2.76099992,259322888
883,2016-02-08 14:30:00+00:00,98.02,1.1603,1.7466,2.68370008,350898865
884,2016-02-16 14:30:00+00:00,101.63,1.23,1.78,2.60249996,149581746
885,2016-02-22 14:30:00+00:00,103.43,1.2416,1.7574,2.60630012,154902236
886,2016-02-29 14:30:00+00:00,105.67,1.2179,1.7403,2.63089991,151593521
887,2016-03-07 14:30:00+00:00,106.49,1.4186,1.9066,2.70180011,162258643
888,2016-03-14 13:30:00+00:00,107.37,1.4775,1.9609,2.74449992,150898627
889,2016-03-21 13:30:00+00:00,107.26,1.381,1.9173,2.68000007,76058968
890,2016-03-28 13:30:00+00:00,110.36,1.3903,1.886,2.67379999,115499742
891,2016-04-04 13:30:00+00:00,109.0,1.2079,1.7618,2.6012001000000002,113792087
892,2016-04-11 13:30:00+00:00,110.64,1.1607,1.7280000000000002,2.56990004,118245887
893,2016-04-18 13:30:00+00:00,108.98,1.232,1.7719,2.56089997,136975807
894,2016-04-25 13:30:00+00:00,105.72,1.3799,1.9163,2.71099997,163850955
895,2016-05-02 13:30:00+00:00,105.58,1.2826,1.8227,2.6796,142404385
896,2016-05-09 13:30:00+00:00,105.5,1.1948,1.7446,2.6400001,111690301
897,2016-05-16 13:30:00+00:00,106.47,1.264,1.7576,2.54940009,133306670
898,2016-05-23 13:30:00+00:00,110.13,1.37,1.8358,2.63170004,125881704
899,2016-05-31 13:30:00+00:00,110.06,1.4140000000000001,1.8755,2.65799999,79904175
900,2016-06-06 13:30:00+00:00,108.94,1.2533,1.7384,2.50740004,89791994
901,2016-06-13 13:30:00+00:00,106.49,1.1266,1.6113,2.44079995,135895145
902,2016-06-20 13:30:00+00:00,104.29,1.1840000000000002,1.6895,2.46140003,152818015
903,2016-06-27 13:30:00+00:00,108.08,1.0286,1.5241,2.41230011,165865252
904,2016-07-05 13:30:00+00:00,110.3,0.9384,1.3767,2.2177,94366792
905,2016-07-11 13:30:00+00:00,111.8,1.0231,1.3629,2.10229993,102102709
906,2016-07-18 13:30:00+00:00,113.65,1.1331,1.5853,2.26550007,103537285
907,2016-07-25 13:30:00+00:00,115.23,1.1429,1.5753,2.29080009,101163025
908,2016-08-01 13:30:00+00:00,116.78,1.0767,1.5257,2.17650008,86311599
909,2016-08-08 13:30:00+00:00,117.2,1.1379,1.5928,2.31680012,72671879
910,2016-08-15 13:30:00+00:00,117.26,1.1364,1.5576,2.22989988,70698788
911,2016-08-22 13:30:00+00:00,116.78,1.1348,1.5424,2.29699993,92389432
912,2016-08-29 13:30:00+00:00,117.12,1.1718,1.5619999999999998,2.28690004,86230909
913,2016-09-06 13:30:00+00:00,114.28,1.1169,1.5357,2.28909993,107010709
914,2016-09-12 13:30:00+00:00,117.29,1.1981,1.6637,2.39240003,180794715
915,2016-09-19 13:30:00+00:00,118.33,1.2,1.6926,2.44519997,110676046
916,2016-09-26 13:30:00+00:00,118.72,1.1184,1.5822,2.34489989,104187342
917,2016-10-03 13:30:00+00:00,118.47,1.1816,1.6256,2.31839991,86908679
918,2016-10-10 13:30:00+00:00,117.14,1.2567,1.7655,2.45539999,105863923
919,2016-10-17 13:30:00+00:00,118.15,1.2572,1.7678,2.56299996,81002317
920,2016-10-24 13:30:00+00:00,117.1,1.2446,1.7665,2.48620009,114417560
921,2016-10-31 13:30:00+00:00,113.65,1.3083,1.8255,2.61310005,132410809
922,2016-11-07 14:30:00+00:00,115.8,1.2890000000000001,1.8279,2.60050011,231544169
923,2016-11-14 14:30:00+00:00,117.32,1.6761,2.2512,2.91420007,121267925
924,2016-11-21 14:30:00+00:00,118.8,1.8096,2.3585,3.02629995,69207927
925,2016-11-28 14:30:00+00:00,115.7,1.8354,2.3591,3.00769997,135110779
926,2016-12-05 14:30:00+00:00,119.5,1.8241,2.3868,3.07139993,115777023
927,2016-12-12 14:30:00+00:00,119.6,1.8907,2.4667,3.17479992,155529402
928,2016-12-19 14:30:00+00:00,120.2,2.0622,2.5908,3.17319989,65332223
929,2016-12-27 14:30:00+00:00,118.48,2.1788,2.5540000000000003,3.11630011,89102336
930,2017-01-03 14:30:00+00:00,121.93,1.929,2.4481,3.0684,86775241
931,2017-01-09 14:30:00+00:00,123.16,1.9205,2.4185,3.0072,92325162
932,2017-01-17 14:30:00+00:00,123.25,1.8754,2.3773,2.9753,61839845
933,2017-01-23 14:30:00+00:00,125.8,1.9107,2.4338,3.0215,81216390
934,2017-01-30 14:30:00+00:00,125.68,1.9376,2.478,3.0563,99018241
935,2017-02-06 14:30:00+00:00,127.38,1.913,2.4779,3.0931,73198810
936,2017-02-13 14:30:00+00:00,129.81,1.9097,2.4287,3.0237,84007001
937,2017-02-21 14:30:00+00:00,130.26,1.9232,2.4406,3.0407,66704016
938,2017-02-27 14:30:00+00:00,131.02,1.8143,2.3223,2.9595,88095215
939,2017-03-06 14:30:00+00:00,131.39,2.0108,2.4844,3.0753,86080977
940,2017-03-13 13:30:00+00:00,131.69,2.1099,2.5837,3.1763,87152223
941,2017-03-20 13:30:00+00:00,130.63,2.0234,2.5051,3.1108,118404211
942,2017-03-27 13:30:00+00:00,132.38,1.9099,2.3809,2.983,91297078
943,2017-04-03 13:30:00+00:00,131.97,1.9195,2.3856,3.0087,104686744
944,2017-04-10 13:30:00+00:00,130.4,1.9213,2.3823,3.0074,89035850
945,2017-04-17 13:30:00+00:00,132.56,1.7245,2.2001,2.8712,88364270
946,2017-04-24 13:30:00+00:00,135.99,1.7719,2.248,2.9058,106116358
947,2017-05-01 13:30:00+00:00,137.54,1.8109,2.2811,2.9523,100948861
948,2017-05-08 13:30:00+00:00,138.6,1.8816,2.3515,2.9859,109176106
949,2017-05-15 13:30:00+00:00,137.84,1.8468,2.3275,2.9913,175959493
950,2017-05-22 13:30:00+00:00,141.22,1.7919,2.2441,2.9004,95301230
951,2017-05-30 13:30:00+00:00,143.46,1.7861,2.2482,2.9136,110879435
952,2017-06-05 13:30:00+00:00,139.98,1.7188,2.1547,2.8055,192164103
953,2017-06-12 13:30:00+00:00,138.15,1.7714,2.2092,2.8648,318973324
954,2017-06-19 13:30:00+00:00,141.24,1.7433,2.1531,2.7759,162058406
955,2017-06-26 13:30:00+00:00,137.64,1.7599,2.1457,2.7173,315463699
956,2017-07-03 13:30:00+00:00,137.76,1.8902,2.3054,2.8359,160314467
957,2017-07-10 13:30:00+00:00,142.12,1.9504,2.3892,2.9297,158035446
958,2017-07-17 13:30:00+00:00,144.11,1.8694,2.3337,2.9242,160680534
959,2017-07-24 13:30:00+00:00,143.84,1.7981,2.234,2.8041,192123292
960,2017-07-31 13:30:00+00:00,143.65,1.8356,2.2924,2.8968,152353441
961,2017-08-07 13:30:00+00:00,142.1,1.8189,2.2655,2.842,194107930
962,2017-08-14 13:30:00+00:00,141.23,1.7461,2.194,2.7878,222526122
963,2017-08-21 13:30:00+00:00,141.97,1.777,2.1957,2.7769999999999997,163649282
964,2017-08-28 13:30:00+00:00,146.0,1.7567,2.1676,2.7492,134277490
965,2017-09-05 13:30:00+00:00,144.21,1.7252,2.1517,2.7634,126814531
966,2017-09-11 13:30:00+00:00,146.06,1.6348,2.0524,2.6707,167552672
967,2017-09-18 13:30:00+00:00,144.32,1.8073,2.2067,2.7696,130509785
968,2017-09-25 13:30:00+00:00,145.45,1.8733,2.2561,2.7828,185077709
969,2017-10-02 13:30:00+00:00,147.66,1.9443,2.3452,2.8649,128570933
970,2017-10-09 13:30:00+00:00,148.34,1.9677,2.3607,2.9,78290343
971,2017-10-16 13:30:00+00:00,148.71,1.9181,2.2927,2.8203,110019363
972,2017-10-23 13:30:00+00:00,151.24,2.0253,2.3917,2.8985,174161043
973,2017-10-30 13:30:00+00:00,153.27,2.0264,2.4092,2.9203,144750957
974,2017-11-06 14:30:00+00:00,153.68,2.0033,2.3469,2.7681,128145742
975,2017-11-13 14:30:00+00:00,153.95,2.0565,2.3993,2.8825,126020536
976,2017-11-20 14:30:00+00:00,156.26,2.0483,2.3391,2.77,66800579
977,2017-11-27 14:30:00+00:00,154.49,2.072,2.345,2.764,235478340
978,2017-12-04 14:30:00+00:00,154.7,2.1611,2.4098,2.8052,181318999
979,2017-12-11 14:30:00+00:00,157.65,2.1483,2.3868,2.7719,139961092
980,2017-12-18 14:30:00+00:00,157.37,2.1673,2.3646,2.6957,139201208
981,2017-12-26 14:30:00+00:00,155.76,2.2559,2.4929,2.8183,102886693
982,2018-01-02 14:30:00+00:00,161.92,2.2097,2.4118,2.7395,113725294
983,2018-01-08 14:30:00+00:00,164.49,2.2886,2.4827,2.8101,140181763
984,2018-01-16 14:30:00+00:00,166.34,2.3551,2.5508,2.8534,140451482
985,2018-01-22 14:30:00+00:00,170.93,2.4629,2.6584,2.9343,179321555
986,2018-01-29 14:30:00+00:00,164.61,2.4769,2.6656,2.9126,231230693
987,2018-02-05 14:30:00+00:00,156.1,2.5935,2.8479,3.0991,522959828
988,2018-02-12 14:30:00+00:00,164.96,2.5451,2.8494,3.1596,260833841
989,2018-02-20 14:30:00+00:00,168.17,2.6549,2.8896,3.1349,165118734
990,2018-02-26 14:30:00+00:00,165.99,2.63,2.8769,3.1633,258667832
991,2018-03-05 14:30:00+00:00,173.16,2.6132,2.8506,3.1296,166769458
992,2018-03-12 13:30:00+00:00,171.02,2.6621,2.9048,3.1651,193797387
993,2018-03-19 13:30:00+00:00,158.51,2.6367,2.8509,3.0798,296051948
994,2018-03-26 13:30:00+00:00,160.13,2.6010000000000004,2.8227,3.0709,294432829
995,2018-04-02 13:30:00+00:00,156.63,2.5738,2.7598,2.9896,318333917
996,2018-04-09 13:30:00+00:00,161.37,2.5993,2.7853,3.0278,207106623
997,2018-04-16 13:30:00+00:00,162.3,2.6897,2.8469,3.0451,177193579
998,2018-04-23 13:30:00+00:00,162.09,2.8052,2.9649,3.1468,249435658
999,2018-04-30 13:30:00+00:00,164.87,2.7989,2.9615,3.1254,212656021
1000,2018-05-07 13:30:00+00:00,169.46,2.7939,2.9591,3.1316,139419484
1001,2018-05-14 13:30:00+00:00,167.46,2.8416,2.975,3.1073,147822649
1002,2018-05-21 13:30:00+00:00,169.72,2.9027,3.0698,3.2018,124147196
1003,2018-05-29 13:30:00+00:00,172.74,2.7365,2.8985,3.0657,145100581
1004,2018-06-04 13:30:00+00:00,174.44,2.7432,2.8958,3.0462,141656229
1005,2018-06-11 13:30:00+00:00,176.98,2.7889,2.9489,3.0879,168221833
1006,2018-06-18 13:30:00+00:00,175.32,2.7975,2.9214,3.0461,176449854
1007,2018-06-25 13:30:00+00:00,171.65,2.7617,2.8885,3.0311,252467540
1008,2018-07-02 13:30:00+00:00,175.61,2.7345,2.8611,2.9913,125914505
1009,2018-07-09 13:30:00+00:00,179.61,2.7136,2.8272,2.9362,137543182
1010,2018-07-16 13:30:00+00:00,178.99,2.73,2.8326,2.9334,142661988
1011,2018-07-23 13:30:00+00:00,177.62,2.7680000000000002,2.8987,3.0293,195436657
1012,2018-07-30 13:30:00+00:00,180.08,2.8462,2.9579,3.0869999999999997,220692724
1013,2018-08-06 13:30:00+00:00,180.52,2.8193,2.9585,3.1002,130056538
1014,2018-08-13 13:30:00+00:00,179.86,2.7465,2.8732,3.0327,169334634
1015,2018-08-20 13:30:00+00:00,182.48,2.7464,2.8668,3.0311,118152272
1016,2018-08-27 13:30:00+00:00,186.65,2.7233,2.8242,2.9699,136764880
1017,2018-09-04 13:30:00+00:00,181.11,2.7499,2.8631,3.0203,164407761
1018,2018-09-10 13:30:00+00:00,183.99,2.8279,2.9488,3.1044,154809730
1019,2018-09-17 13:30:00+00:00,183.71,2.9067,2.9996,3.1309,168693094
1020,2018-09-24 13:30:00+00:00,185.79,2.9529,3.0693,3.2082,157623805
1021,2018-10-01 13:30:00+00:00,180.15,2.9622,3.0678,3.2107,246001501
1022,2018-10-08 13:30:00+00:00,174.32,3.0693,3.2299,3.405,475596333
1023,2018-10-15 13:30:00+00:00,173.02,3.0209,3.1566,3.3286,369262523
1024,2018-10-22 13:30:00+00:00,166.66,3.0472,3.1855,3.3739999999999997,447925680
1025,2018-10-29 13:30:00+00:00,169.38,2.9164,3.0845,3.3213,406958137
1026,2018-11-05 14:30:00+00:00,171.52,3.0408,3.2189,3.4616,216052785
1027,2018-11-12 14:30:00+00:00,167.5,3.037,3.1838,3.3863,340622188
1028,2018-11-19 14:30:00+00:00,159.21,2.8799,3.0774,3.3153,236402840
1029,2018-11-26 14:30:00+00:00,169.37,2.8739,3.0435,3.3054,230370153
1030,2018-12-03 14:30:00+00:00,161.38,2.8707,3.036,3.3226,273514140
1031,2018-12-10 14:30:00+00:00,161.08,2.7,2.8568,3.147,289724329
1032,2018-12-17 14:30:00+00:00,147.57,2.733,2.8939,3.1488,460464199
1033,2018-12-24 14:30:00+00:00,152.97,2.6383,2.8187,3.0464,318826322
1034,2018-12-31 14:30:00+00:00,156.23,2.5713,2.7322,3.0428,261121530
1035,2019-01-07 14:30:00+00:00,160.69,2.5091,2.6711,2.9844,217059829
1036,2019-01-14 14:30:00+00:00,165.25,2.5338,2.7033,3.0380000000000003,201908850
1037,2019-01-22 14:30:00+00:00,165.15,2.6087,2.7769,3.0976,163697176
1038,2019-01-28 14:30:00+00:00,167.45,2.5967,2.7575,3.0658,175023957
1039,2019-02-04 14:30:00+00:00,168.56,2.5184,2.6957,3.0307,153902095
1040,2019-02-11 14:30:00+00:00,171.94,2.4495,2.6384,2.9789999999999996,140098812
1041,2019-02-19 14:30:00+00:00,172.89,2.5015,2.6734,2.9992,105023433
1042,2019-02-25 14:30:00+00:00,174.39,2.4727,2.6554,3.0155,136227111
1043,2019-03-04 14:30:00+00:00,171.17,2.5528,2.7539999999999996,3.1222,166288570
1044,2019-03-11 13:30:00+00:00,178.35,2.4353,2.6294,3.0137,168841478
1045,2019-03-18 13:30:00+00:00,178.56,2.4018,2.5934,3.0135,233156486
1046,2019-03-25 13:30:00+00:00,179.66,2.2486,2.4478,2.8819999999999997,182255088
1047,2019-04-01 13:30:00+00:00,184.66,2.2497,2.4284,2.8333,139453587
1048,2019-04-08 13:30:00+00:00,185.83,2.3155,2.5016,2.9086,118535617
1049,2019-04-15 13:30:00+00:00,187.39,2.3752,2.5633,2.9733,106501194
1050,2019-04-22 13:30:00+00:00,190.65,2.3676,2.5632,2.9634,132455736
1051,2019-04-29 13:30:00+00:00,191.11,2.2899,2.5018,2.9229,162504930
1052,2019-05-06 13:30:00+00:00,185.0,2.2925,2.48,2.9018,248233300
1053,2019-05-13 13:30:00+00:00,183.04,2.2282,2.4472,2.8656,235474382
1054,2019-05-20 13:30:00+00:00,178.16,2.1786,2.3962,2.8298,165809210
1055,2019-05-28 13:30:00+00:00,173.95,2.1305,2.3176,2.7508,142743591
1056,2019-06-03 13:30:00+00:00,181.04,1.915,2.1323,2.5707,233854385
1057,2019-06-10 13:30:00+00:00,182.64,1.8677,2.1228,2.5874,156963638
1058,2019-06-17 13:30:00+00:00,188.57,1.844,2.0864,2.5874,181132014
1059,2019-06-24 13:30:00+00:00,186.74,1.7971,2.0625,2.5839999999999996,116780514
1060,2019-07-01 13:30:00+00:00,191.05,1.7648,2.0313,2.551,86436848
1061,2019-07-08 13:30:00+00:00,193.53,1.8391,2.0424,2.5437,109114841
1062,2019-07-15 13:30:00+00:00,191.01,1.8843,2.1253,2.6489,111016315
1063,2019-07-22 13:30:00+00:00,195.29,1.8164,2.0599,2.5848,107029181
1064,2019-07-29 13:30:00+00:00,187.35,1.8519,2.0746,2.594,199249785
1065,2019-08-05 13:30:00+00:00,186.49,1.6704,1.854,2.3856,238954816
1066,2019-08-12 13:30:00+00:00,185.48,1.5824,1.7516,2.2608,187749645
1067,2019-08-19 13:30:00+00:00,182.07,1.4168,1.5737,2.0365,142967077
1068,2019-08-26 13:30:00+00:00,187.47,1.3479,1.5195,1.9798,129378676
1069,2019-09-03 13:30:00+00:00,191.59,1.3931,1.5091,1.9769,103251767
1070,2019-09-09 13:30:00+00:00,192.54,1.4305,1.5593,2.0246,129575557
1071,2019-09-16 13:30:00+00:00,190.8,1.7526,1.8625,2.3726,128952119
1072,2019-09-23 13:30:00+00:00,187.03,1.6087,1.7397,2.1747,168347619
1073,2019-09-30 13:30:00+00:00,188.81,1.5619999999999998,1.6844,2.1321,180521831
1074,2019-10-07 13:30:00+00:00,191.11,1.3389,1.5281,2.0140000000000002,143558218
1075,2019-10-14 13:30:00+00:00,191.69,1.5591,1.736,2.198,106678697
1076,2019-10-21 13:30:00+00:00,195.64,1.5643,1.7519,2.2478,94827596
1077,2019-10-28 13:30:00+00:00,198.87,1.625757,1.802673,2.293714,108109967
1078,2019-11-04 14:30:00+00:00,201.23,1.5408,1.7138,2.1911,86895076
1079,2019-11-11 14:30:00+00:00,202.91,1.7556,1.9469,2.4284,76566051
1080,2019-11-18 14:30:00+00:00,201.83,1.6567,1.8394,2.3123,107244012
1081,2019-11-25 14:30:00+00:00,205.1,1.6307,1.7697,2.2274,59522425
1082,2019-12-02 14:30:00+00:00,205.0,1.6366,1.79,2.2175,106484210
1083,2019-12-09 14:30:00+00:00,207.19,1.6675,1.8398,2.2817,120018666
1084,2019-12-16 14:30:00+00:00,211.71,1.6541,1.8261,2.2551,98474648
1085,2019-12-23 14:30:00+00:00,213.61,1.7362,1.9193,2.3459,66189240
1086,2019-12-30 14:30:00+00:00,214.18,1.6789,1.8761,2.3169,98579059
1087,2020-01-06 14:30:00+00:00,218.43,1.5945,1.7699,2.248,116868117
1088,2020-01-13 14:30:00+00:00,223.38,1.6627,1.8292,2.2904,116291652
1089,2020-01-21 14:30:00+00:00,222.7,1.6178,1.8232,2.2848,105815263
1090,2020-01-27 14:30:00+00:00,219.07,1.5088,1.69,2.1359,189643347
1091,2020-02-03 14:30:00+00:00,229.2,1.3215,1.5102,1.9977,143046345
1092,2020-02-10 14:30:00+00:00,234.64,1.4109,1.5873,2.049,122359872
1093,2020-02-18 14:30:00+00:00,230.27,1.4118600000000001,1.578902,2.0289650000000004,155414333
1094,2020-02-24 14:30:00+00:00,205.8,1.324078,1.473403,1.9162689999999998,533735221
1095,2020-03-02 14:30:00+00:00,208.02,0.939635,1.151867,1.6230000000000002,486507550
1096,2020-03-09 13:30:00+00:00,192.34,0.6125,0.7617,1.2885,578894681
1097,2020-03-16 13:30:00+00:00,170.7,0.7309,0.9755,1.5456,567348186
1098,2020-03-23 13:30:00+00:00,185.3,0.42200000000000004,0.8161,1.4106,447009015
1099,2020-03-30 13:30:00+00:00,183.37,0.3855,0.6658,1.2777,269684545
1100,2020-04-06 13:30:00+00:00,200.86,0.3914,0.6109,1.2318,248932364
1101,2020-04-13 13:30:00+00:00,215.29,0.4092,0.7327,1.348,281370049
1102,2020-04-20 13:30:00+00:00,213.84,0.3571,0.6427,1.2775,228952578
1103,2020-04-27 13:30:00+00:00,212.74,0.3742,0.6037,1.1745,224185364
1104,2020-05-04 13:30:00+00:00,224.86,0.3552,0.64,1.2548,177668565
1105,2020-05-11 13:30:00+00:00,223.27,0.3353,0.6908,1.3905,249586012
1106,2020-05-18 13:30:00+00:00,229.66,0.3105,0.6464,1.3388,188657151
1107,2020-05-26 13:30:00+00:00,233.36,0.3342,0.6595,1.3705,182607985
1108,2020-06-01 13:30:00+00:00,239.69,0.3012,0.6384,1.4071,182833907
1109,2020-06-08 13:30:00+00:00,235.88,0.4793,0.904,1.68,271022198
1110,2020-06-15 13:30:00+00:00,244.24,0.3224,0.7084,1.4283,208947494
1111,2020-06-22 13:30:00+00:00,240.22,0.3271,0.6929,1.4649,192633787
1112,2020-06-29 13:30:00+00:00,252.19,0.3017,0.6373,1.3708,139932729
1113,2020-07-06 13:30:00+00:00,263.97,0.2875,0.6718,1.4335,174791717
1114,2020-07-13 13:30:00+00:00,259.42,0.2929,0.6455,1.3346,273594453
1115,2020-07-20 13:30:00+00:00,255.56,0.2753,0.6291,1.3282,219336688
1116,2020-07-27 13:30:00+00:00,265.79,0.2724,0.5872,1.2321,190835630
1117,2020-08-03 13:30:00+00:00,271.47,0.2114,0.5347,1.195,151696353
1118,2020-08-10 13:30:00+00:00,272.16,0.2279,0.564,1.2324,179782179
1119,2020-08-17 13:30:00+00:00,281.87,0.2914,0.6947,1.4277,142804136
1120,2020-08-24 13:30:00+00:00,292.53,0.2644,0.6282,1.335,191005546
1121,2020-08-31 13:30:00+00:00,283.58,0.2657,0.7211,1.5017,357595828
1122,2020-09-08 13:30:00+00:00,270.45,0.2991,0.7197,1.4714,305882993
1123,2020-09-14 13:30:00+00:00,266.87,0.2706,0.6887,1.4161,290632707
1124,2020-09-21 13:30:00+00:00,271.56,0.2867,0.6986,1.4545,273008806
1125,2020-09-28 13:30:00+00:00,274.31,0.2673,0.6561,1.4026,260515623
1126,2020-10-05 13:30:00+00:00,285.71,0.2626,0.6611,1.4448,161072911
1127,2020-10-12 13:30:00+00:00,288.51,0.3405,0.777,1.5765,263876794
1128,2020-10-19 13:30:00+00:00,284.74,0.3249,0.7274,1.5334,155112956
1129,2020-10-26 13:30:00+00:00,269.38,0.3653,0.848,1.643,231575935
1130,2020-11-02 14:30:00+00:00,294.61,0.3813,0.8772,1.6633,252333710
1131,2020-11-09 14:30:00+00:00,290.93,0.369,0.8135,1.6069,251062288
1132,2020-11-16 14:30:00+00:00,290.38,0.3935,0.8766,1.6323,128707173
1133,2020-11-23 14:30:00+00:00,299.01,0.3764,0.8325,1.5447,91882320
1134,2020-11-30 14:30:00+00:00,305.52,0.3766,0.8438,1.5764,121259683
1135,2020-12-07 14:30:00+00:00,307.35,0.4004,0.9146,1.6602,48154120
